2.49913311005
2.69763898849
2.72478699684
2.61195993423
2.6401040554
2.68767595291
2.64384007454
2.5407269001
2.5496931076
2.49689102173
2.52827310562
2.49091291428
2.53001689911
2.54795002937
2.54819893837
2.62341690063
2.67746400833
2.77684211731
2.78954410553
2.83860993385
2.92628192902
2.97285699844
2.93499898911
2.94844794273
3.00922107697
2.98456311226
2.9454600811
3.1596570015
3.26476311684
3.2279009819
3.30212306976
3.36389088631
3.44633197784
3.41420292854
3.45828700066
3.4303920269
3.36887288094
3.42217302322
3.5093460083
3.53674292564
3.58929610252
3.71507501602
3.68468904495
3.49913406372
3.72055411339
4.29465293884
4.66750478745
4.52802801132
4.63188886642
4.81445407867
4.74820280075
4.88244915009
4.85355806351
4.77385616302
4.60025691986
4.21793985367
4.29764080048
4.20175123215
4.18082904816
4.55841398239
4.53300905228
4.60449123383
4.29739189148
4.29639577866
4.17285919189
4.21918487549
4.11208677292
4.17236089706
4.35268497467
4.46800279617
4.50934791565
4.53251123428
4.48220014572
4.46825218201
4.49315881729
4.39079189301
4.26974582672
4.23363113403
4.31955909729
4.27522516251
4.24533700943
4.45056819916
4.47771596909
4.39527511597
4.48518800735
4.60822677612
4.57659578323
4.64010810852
4.67995786667
4.77983379364
4.80100488663
4.80449199677
4.92155313492
4.80175209045
5.04882621765
4.84434223175
4.8196849823
4.6961479187
4.82815313339
4.85829019547
4.82043218613
4.86626005173
4.86501502991
4.98058223724
5.07846498489
4.91408109665
4.82989597321
4.68942308426
4.50112915039
4.411465168
4.71333312988
4.6844420433
4.74073076248
4.87223815918
4.77958488464
5.12977218628
5.25181484222
5.08992195129
4.88244915009
4.94745588303
4.77161502838
4.68195104599
4.66750478745
4.80673313141
4.86252403259
4.94172716141
4.92902517319
4.93027019501
4.76638412476
4.83064413071
4.70461606979
4.62939786911
4.68219995499
4.63413000107
4.61221218109
4.6577911377
4.63014507294
4.70262289047
4.61270999908
4.51681995392
4.48269796371
4.42840099335
4.35841417313
4.44857597351
4.37360715866
4.46551179886
4.48419189453
4.50511407852
4.44832706451
4.45779085159
4.46451616287
4.51856279373
4.47248601913
4.49440383911
4.49589776993
4.48419189453
4.6149520874
4.69664621353
4.71283483505
4.82591104507
4.78332090378
4.81271076202
4.8308930397
4.80523920059
4.76837682724
4.60772895813
4.65679502487
4.76713180542
4.93400621414
5.08643484116
5.37510299683
5.56738185883
5.44832801819
5.4739818573
5.46576309204
5.47946214676
5.53649806976
5.63363409042
5.69116783142
5.65330982208
5.67921304703
5.62939977646
5.67373323441
5.76065778732
5.69664812088
5.7095990181
5.75468015671
5.80648612976
5.95667314529
5.95717096329
6.01769399643
6.36240196228
6.376101017
6.49590206146
6.45580196381
6.62516689301
6.90586519241
7.17311286926
7.17062282562
6.98033618927
7.2463388443
7.30063486099
6.96290111542
7.1310210228
7.03612709045
7.0423541069
6.93276405334
6.84434604645
6.91009902954
6.98133182526
7.14073514938
7.16912794113
7.20549201965
7.21570396423
7.40350008011
7.57411003113
7.52180576324
7.29067277908
7.32628917694
7.25405979156
7.36514377594
7.26078510284
7.36090993881
7.37809514999
7.30636405945
7.26726102829
7.44360017776
7.49416017532
7.50163221359
7.46053600311
7.71856880188
7.77087306976
7.81919193268
7.53176879883
7.36863088608
7.37460803986
7.39553022385
7.31010007858
7.16713619232
7.26302623749
7.45181894302
7.40474510193
7.4154548645
7.28145694733
7.25405979156
7.26203012466
7.11533021927
7.07473182678
7.21595287323
7.07348680496
7.11458301544
7.10088396072
6.97361087799
6.97385978699
6.82466888428
6.96339893341
7.03786993027
7.0383682251
7.06302595139
7.18432092667
7.15493202209
7.12330007553
7.12952709198
7.18432092667
7.15094614029
7.34422206879
7.35717391968
7.44932794571
7.71458387375
7.7629032135
7.54671287537
7.53724908829
7.47697401047
7.56638908386
7.66900491714
7.76838207245
7.7551817894
7.8545589447
7.82766008377
7.81919193268
7.62143278122
7.71159505844
7.88195610046
7.93724918365
7.74596595764
7.73874282837
7.78955316544
7.79552984238
7.73724889755
7.62392377853
7.49615287781
7.40823221207
7.37585306168
7.59652614594
7.55368709564
7.68868112564
7.55169391632
8.46576786041
8.68370056152
8.64036369324
8.85281658173
8.79354000092
8.92081260681
9.26875782013
9.44908332825
9.45655536652
9.61271858215
9.7243013382
9.8388710022
9.71109962463
9.44335365295
9.74098777771
9.72355365753
9.88718986511
9.78332996368
9.9165802002
10.048584938
9.96788787842
10.1957836151
10.3728704453
10.5320234299
10.675485611
10.5474662781
10.0508270264
10.0849485397
10.3135919571
10.4035053253
10.1083612442
10.0757341385
10.0677642822
10.2279129028
10.1917991638
10.2767295837
10.3982753754
10.4348869324
10.5243015289
10.7135925293
10.5753612518
10.7033805847
10.6184492111
10.7606658936
10.7330198288
10.5763568878
10.627415657
10.4645261765
10.3327703476
10.8401193619
11.08943367
11.2388744354
11.598028183
11.628911972
11.7001447678
11.746720314
11.5474672318
11.6127233505
11.634141922
11.0812149048
10.8705053329
9.94920825958
10.6475896835
11.0343904495
10.7845773697
10.8162078857
10.7967805862
10.630654335
10.7761077881
10.0069913864
9.86402702332
9.50312995911
9.59154891968
9.16365242004
9.19254398346
8.93575668335
9.03139781952
8.61022663116
8.55094909668
8.52753734589
9.12728881836
9.1843252182
9.13052654266
9.1031293869
9.41645526886
9.399766922
9.72305583954
9.03164672852
9.08594417572
9.37610626221
9.41919517517
9.16813564301
9.07722568512
8.8139629364
8.54297924042
8.40599155426
8.39503288269
8.74621677399
8.58033943176
8.43762397766
8.4630279541
8.67224407196
8.46626567841
8.47373771667
8.51533222198
9.11085033417
9.20773696899
9.39478588104
9.83762645721
9.67473697662
9.71359062195
9.70611858368
10.0707521439
10.1616621017
10.2411136627
10.1160821915
10.3706283569
10.2032556534
10.1855716705
10.0164556503
10.1325206757
10.0682621002
10.2241773605
10.3362569809
10.8866939545
10.9713773727
10.6391220093
10.6094827652
10.4615383148
10.4094829559
9.93525981903
9.83314323425
9.81745243073
9.8318977356
9.82069015503
9.83264541626
10.1818361282
10.0368785858
9.63887119293
9.31832313538
9.36987876892
9.24783706665
9.32753753662
9.24011611938
9.21595573425
9.23911952972
9.35443687439
9.49565792084
9.5389957428
9.49814891815
9.26377677917
9.26078796387
9.52978038788
9.45057678223
9.32604408264
9.71334171295
9.62666702271
9.79578304291
9.62816143036
9.50288105011
9.6269159317
9.57386493683
9.73849773407
9.7310256958
9.66726493835
9.64310455322
10.0157089233
9.96141242981
10.0837039948
10.0677642822
10.0204410553
10.1148366928
10.4062452316
10.444103241
10.5404920578
10.4971542358
10.5402431488
10.4719982147
10.4159584045
10.5743646622
10.3922967911
10.1825828552
10.0498313904
10.1591711044
10.0386228561
9.93775081635
9.64186000824
9.71633052826
9.73600673676
9.69765090942
9.60151100159
9.52430057526
9.66676712036
9.62890815735
9.35269355774
9.14646720886
9.34970474243
9.3113489151
9.41346645355
9.48943138123
9.38831043243
9.32006645203
9.17809772491
9.20126056671
9.48868370056
9.65680408478
9.60898303986
9.54821109772
9.39727687836
9.42193412781
9.30088806152
9.30836009979
9.29665374756
9.48818588257
9.438372612
9.48320484161
9.42791175842
9.42965507507
9.57311820984
9.46801185608
9.42691612244
9.41097545624
9.56639289856
9.76091384888
10.126294136
10.0617856979
10.208735466
10.3285360336
10.0575523376
9.88793754578
10.1332683563
10.056804657
10.0617856979
10.1337661743
10.0353851318
10.0518226624
10.0099802017
9.99852275848
10.0632801056
10.3536920547
10.2568054199
10.4732437134
10.6849498749
10.6264200211
10.6226835251
10.6460962296
10.6426086426
10.5043773651
10.4767313004
10.443605423
10.6117248535
11.4488372803
11.9746160507
11.7885637283
12.1195726395
12.0822134018
11.8356370926
11.869758606
11.8652763367
11.6438560486
11.7038812637
11.750954628
11.8792238235
11.7701330185
11.8306560516
11.7716274261
11.7945413589
11.9808425903
12.1868209839
12.252325058
12.3512048721
12.4231853485
12.330034256
12.6936712265
12.6528244019
12.5778551102
12.0734958649
12.1918020248
12.0710048676
12.0749902725
11.9751138687
12.0759859085
12.129535675
12.1721258163
12.020942688
12.0575551987
12.0530719757
11.9995231628
11.9300327301
12.0079908371
11.9626607895
11.5267953873
11.6719999313
11.5292854309
11.3624105453
11.3469686508
11.3955373764
11.6570558548
11.520816803
11.4690113068
11.6460981369
12.0363845825
12.134267807
12.0443553925
12.0921764374
12.1908063889
12.4463481903
12.5778551102
12.5599222183
12.3855762482
12.1502084732
12.1980285645
11.976111412
11.9315280914
12.4301586151
12.1566839218
12.3497104645
12.2657747269
12.3118524551
12.4906816483
11.9987764359
11.9925489426
11.6353883743
11.7429838181
11.706372261
11.7317762375
11.5041303635
11.4144659042
11.4346399307
11.6047525406
11.4936685562
11.7046279907
11.7584266663
11.8520755768
11.8518257141
11.7215652466
11.5798463821
11.1773548126
11.1942911148
11.1639051437
10.9260463715
10.9825849533
11.3960351944
11.3484630585
11.3255491257
11.281712532
11.3262958527
11.0343904495
11.1581764221
11.1130952835
10.980093956
11.1389980316
11.0904302597
11.3711280823
11.5078659058
11.5026350021
11.5815887451
11.5472183228
11.5038814545
11.4799699783
11.4112281799
11.4204425812
11.7708797455
11.7315273285
11.7437324524
11.6615400314
11.6189489365
11.5698833466
11.6411161423
11.6137189865
11.8124742508
11.7758607864
11.8558120728
11.7472190857
12.016957283
11.9322748184
11.8936700821
11.9051265717
11.9845790863
11.9305305481
11.7404937744
11.6812162399
11.6010169983
11.786570549
11.7340183258
11.638127327
11.6266698837
11.6874427795
11.4936685562
11.6249265671
11.5013904572
11.407242775
11.7711286545
11.7300329208
11.7140932083
11.7210674286
11.8520755768
11.8050022125
11.8139677048
12.0428600311
12.1322746277
12.4184532166
12.4012670517
12.4632854462
12.6294116974
12.9225625992
12.9078683853
12.8284158707
12.8391256332
12.7357625961
12.5721273422
12.5838327408
12.5240573883
12.600022316
12.8319034576
12.8097362518
12.7016410828
12.8047552109
13.0754899979
13.13626194
13.2069969177
13.1081180573
13.0762367249
13.0187034607
13.209985733
13.3086156845
13.4901847839
13.4346437454
13.5133485794
13.5327758789
13.5609197617
13.5823402405
13.7524518967
13.7731246948
13.8231868744
13.6862010956
13.6635360718
12.9544439316
12.7649040222
12.8020153046
12.6964111328
12.6525745392
12.7494621277
12.8545675278
12.7023878098
12.7756137848
12.7275438309
12.5280418396
12.7023878098
12.8523263931
13.0954151154
12.8201971054
12.8456020355
12.8393745422
12.6675186157
12.3923006058
12.2421140671
12.4543180466
12.4015159607
12.6179552078
12.7708816528
12.756934166
12.8269224167
12.7835836411
12.6127243042
12.7741193771
12.7372579575
12.8331480026
13.0797243118
13.1457271576
13.0391263962
12.9352645874
12.8139696121
12.9845809937
13.0174570084
13.0705089569
13.1693878174
13.0834598541
13.3317785263
13.6201982498
13.7691402435
13.9502105713
14.1474723816
14.1718797684
14.1509590149
14.134519577
14.1287918091
14.5093650818
14.5551939011
14.5459775925
14.4216938019
14.795791626
15.183588028
15.3220691681
15.5763664246
15.4919319153
15.875246048
15.444858551
15.3424930573
15.7778606415
15.9307870865
16.0575618744
16.2079982758
16.8311634064
16.832408905
16.6503391266
16.802022934
16.917339325
17.3043899536
17.608997345
17.5146007538
17.714849472
18.0735054016
18.4754981995
18.2550754547
17.2812252045
16.5372638702
15.7427415848
16.4520835876
15.9820947647
15.6824684143
15.7815971375
15.5878229141
16.1529541016
16.451335907
16.8543262482
16.5878257751
16.7763671875
17.2418727875
17.3599319458
17.2603034973
16.9746246338
17.0401287079
17.3975391388
17.8147258759
17.8050117493
17.8934307098
17.41472435
17.4184608459
17.2864551544
17.1845874786
16.6682739258
16.7708892822
16.8710136414
17.1778621674
17.3522090912
17.4528312683
17.7046394348
17.453081131
17.4976634979
17.2224464417
17.065782547
17.0692691803
16.3636646271
16.1706371307
15.7330293655
16.2690200806
16.1078739166
15.8966646194
16.2844619751
15.8817205429
15.3412466049
14.9636631012
14.9502134323
14.5541973114
13.6642827988
14.3086175919
14.1071233749
13.8475961685
13.7116060257
13.6555662155
14.0548191071
12.8493375778
12.3394994736
12.6226873398
12.4959115982
12.5766096115
12.8690137863
12.980345726
12.9038829803
13.3155899048
13.2565612793
13.1915550232
12.6762361526
12.6774816513
12.5245552063
12.6475944519
12.1155881882
11.5614147186
11.7773561478
11.8403692245
11.7355117798
11.3828344345
11.0734939575
11.1507043839
10.7771053314
10.7932939529
10.3018856049
10.9549379349
10.9634056091
11.0338916779
10.90711689
10.4575529099
10.9380016327
10.7596702576
10.7982749939
11.4710035324
11.2274169922
11.4119749069
11.0605421066
10.9111032486
10.9706287384
11.599272728
11.599023819
11.3355121613
11.7332706451
11.8759860992
11.6515769958
11.5614147186
11.6832084656
11.3935441971
11.249335289
11.1292848587
11.3332700729
11.1965332031
13.4348926544
13.3945436478
13.8231868744
13.6112318039
13.5253038406
13.5507087708
13.7514562607
13.9096126556
14.3036355972
14.7716321945
14.4779834747
14.8169622421
14.6042604446
14.4209470749
14.5208215714
14.2764883041
14.5688915253
14.5205726624
14.3536987305
14.4707603455
14.44759655
14.3840847015
14.4109840393
13.6984052658
13.6852035522
13.5646562576
13.9701356888
14.1529512405
14.5205726624
14.5903120041
14.3213195801
14.1295385361
14.2520799637
14.6027650833
14.1220674515
13.8946685791
13.8025150299
13.5791015625
13.7721290588
14.2343959808
14.2667751312
14.1833372116
14.0069980621
13.9527015686
13.6097373962
13.5793514252
13.5068731308
13.7235612869
13.171131134
13.1524505615
13.1113548279
13.3183298111
13.1267976761
13.3748683929
13.5469732285
13.8114814758
13.4881925583
13.4637842178
13.2951660156
12.9918041229
12.8540697098
13.3399982452
13.2861995697
11.9880657196
11.676235199
11.8832092285
12.1848278046
11.8460979462
12.2535705566
11.8834581375
12.0326490402
12.0224370956
11.7995223999
11.6528215408
11.5317764282
11.9514532089
12.1130971909
11.9332714081
12.3290376663
12.4742431641
12.518327713
12.4540691376
12.5900592804
12.7061243057
12.4109811783
12.216709137
12.0797224045
12.1178293228
12.2189502716
12.0301580429
11.8097343445
11.6707553864
11.8002700806
11.5389986038
11.5878162384
11.5668935776
11.2144651413
11.0647773743
10.4595451355
10.4274148941
10.3153362274
10.8032569885
10.900642395
10.8059959412
11.0319004059
10.3235549927
10.936009407
11.1868190765
10.7133436203
10.6916751862
10.8371295929
10.9489612579
10.7357597351
9.48943138123
9.97560882568
10.2545633316
9.72579479218
9.63663005829
9.24559497833
8.61794757843
8.42118453979
8.19378757477
8.26900577545
9.48992919922
9.03388881683
8.44758605957
8.79254341125
9.27872085571
9.44758796692
9.03488540649
8.85854625702
8.77510929108
8.45057487488
8.20648956299
9.1843252182
8.91657829285
8.95867061615
8.95045185089
8.62990283966
9.13924407959
8.52404975891
8.24957942963
8.24758625031
7.93974018097
7.75742292404
7.24783277512
7.77286481857
7.72155809402
7.47498178482
7.40773391724
6.97834300995
6.46476793289
6.53625106812
6.41196584702
7.02491903305
7.27498197556
7.29664993286
6.62491798401
6.85206699371
6.95966291428
6.83288908005
7.07323789597
7.52454614639
7.62068605423
7.69166994095
7.47747278214
7.86452198029
7.73774719238
8.1016330719
7.85157012939
7.7280330658
7.72529411316
7.40001296997
7.42267799377
7.54546785355
7.48095989227
7.40773391724
7.54945278168
7.6625289917
8.00300312042
8.1706237793
8.32031345367
8.0201883316
8.09939098358
7.84733581543
7.78805780411
7.82865619659
7.49615287781
7.44683694839
7.46377420425
7.0423541069
7.54870605469
7.63388586044
8.08718681335
8.06651496887
8.25605392456
8.68419933319
8.55094909668
8.43164634705
8.48245620728
8.47946739197
8.54297924042
8.80997753143
9.24733924866
9.43388938904
8.92928123474
8.91757488251
9.04235744476
8.90860843658
8.53451061249
8.7947845459
8.53401184082
8.62890720367
8.22068691254
8.60400009155
8.50910568237
8.398021698
8.41819667816
8.14845752716
8.10661411285
7.94322681427
7.61246681213
7.6854429245
7.24509382248
7.67547988892
7.91807079315
8.05804634094
8.08021259308
7.96240520477
8.3521938324
8.29640293121
8.21769809723
8.22317790985
8.68245601654
8.64684009552
8.56962871552
8.79926776886
8.66003990173
8.53525829315
8.66900634766
8.81919288635
9.02865791321
9.20997905731
9.17162322998
8.93276786804
9.01620483398
9.27772521973
9.41745090485
9.18830966949
9.45207118988
9.68220901489
9.76938247681
9.44709014893
9.50113677979
9.56066417694
9.5813369751
9.70088863373
9.61271858215
9.55692768097
9.7502040863
9.86228370667
9.80549716949
10.011973381
10.0371284485
10.0490837097
9.87822437286
10.1452226639
10.1614131927
9.93799972534
9.70213413239
9.65132427216
9.71359062195
9.88395309448
9.93476200104
9.89242076874
9.87548446655
9.80076408386
10.0712499619
10.1011381149
10.2216873169
10.3917989731
10.6241779327
10.6700057983
10.7509527206
10.9658966064
11.0665197372
10.9282884598
10.8498315811
10.7746143341
10.6849498749
10.5813388824
10.3803415298
10.361164093
10.3402423859
10.3128452301
10.4630317688
10.1457214355
10.1041269302
10.1940402985
10.3554353714
10.5932941437
10.5639038086
10.5003919601
10.435634613
10.174115181
10.2020101547
9.87872219086
10.0246753693
10.2214384079
10.3213129044
10.5678892136
10.5776033401
10.9133443832
11.023680687
10.7160825729
10.714091301
10.6575527191
10.6523218155
10.8926715851
11.1262960434
11.0784749985
10.9551868439
10.8652744293
11.0993967056
11.0348892212
11.2630329132
11.3008909225
11.2363834381
11.2169561386
11.3848266602
11.3726234436
11.3061218262
11.4216890335
11.5138425827
11.4570560455
11.0807170868
11.0904302597
11.057803154
11.4672679901
11.5875673294
11.6744909286
11.7402448654
11.6563091278
11.6079902649
11.5753631592
11.4986495972
11.3514518738
11.2829589844
11.3952884674
11.4894351959
11.4226846695
11.5559358597
11.7295351028
11.7594232559
11.8336448669
11.8939189911
12.1616649628
12.247095108
12.2406187057
12.3786020279
12.4299097061
12.4149656296
12.3728733063
12.2660236359
12.4167089462
12.4167089462
12.3499593735
12.134516716
12.0692605972
12.1673936844
12.4219398499
12.8901844025
12.8064975739
12.8580551147
13.0520782471
13.1036338806
13.3330249786
13.1982803345
13.6949176788
13.75070858
13.7414941788
13.7260513306
13.8005218506
13.7905597687
13.8035106659
13.6560640335
13.4570598602
13.7248058319
13.3529500961
13.2998991013
13.3820905685
13.4578065872
13.6650295258
13.7260513306
14.0102357864
14.1160888672
14.210735321
14.1432380676
14.2478456497
14.3532009125
14.3833379745
14.3624162674
14.2712583542
14.1957912445
14.5043840408
14.5228147507
14.5888175964
14.4398756027
14.5205726624
14.6916818619
14.6329021454
14.5888175964
14.5706357956
14.6015195847
14.6214447021
14.6705112457
14.7322797775
14.7076215744
14.8376350403
14.7731266022
14.8881950378
14.7930517197
14.8548202515
14.9111099243
14.9718818665
15.2348957062
15.4042606354
15.5136013031
15.4271745682
15.5101137161
15.4416208267
15.6102390289
15.5414972305
15.1497154236
14.7970371246
14.9942979813
14.9716329575
14.7068748474
14.6224412918
14.6911840439
14.4458532333
14.6356420517
14.4560651779
14.5200748444
13.6989030838
13.449587822
13.5098619461
13.5018920898
13.3073711395
13.1990270615
13.2757387161
13.2284173965
13.4700107574
13.1203222275
13.2326507568
13.2869472504
13.3609199524
13.3113555908
13.3599243164
13.2782297134
13.4819660187
13.405005455
13.5297870636
13.4685173035
13.51932621
13.326798439
13.2371339798
13.1116037369
13.1208200455
13.2675199509
13.4759893417
13.5820913315
13.8129758835
14.0525770187
14.0094890594
13.9524526596
14.3574352264
14.4742469788
14.4343957901
14.0269241333
14.0772352219
14.0862007141
14.1071233749
13.9477205276
13.8854541779
13.6737470627
13.8812198639
14.019452095
14.0147190094
14.0087423325
14.1148443222
14.1250562668
14.1668987274
14.2219429016
14.1524534225
14.0358896255
14.134270668
14.102640152
14.2647819519
14.6144714355
14.6700134277
14.8269252777
13.7023897171
13.7011451721
13.8241844177
13.8057527542
13.6254291534
13.5738716125
13.2413682938
13.1771087646
13.1803474426
13.250333786
13.0934228897
13.215464592
12.6119766235
12.6964111328
12.4201955795
12.2824621201
12.9925508499
12.67872715
12.5875692368
12.7243061066
12.6408691406
12.6518278122
12.4127235413
12.3145923615
11.8309049606
11.7571811676
11.8844537735
11.8822126389
11.8423624039
12.2157125473
12.095413208
12.0142183304
12.2881908417
12.5927991867
12.4214410782
12.0926742554
12.0742425919
11.8062467575
12.129784584
12.1668949127
12.0346412659
12.403260231
12.4849529266
12.4553136826
12.4540691376
12.168390274
12.1108560562
12.0062484741
11.8331460953
11.7728719711
11.7579278946
11.3140916824
11.0822105408
10.9462213516
10.8729953766
10.8610401154
11.2129707336
11.3713769913
11.6436071396
11.8513278961
12.1843299866
12.2376298904
12.3043804169
11.4473428726
11.6109790802
11.9947910309
11.8929224014
12.0749902725
12.2057504654
12.1786022186
12.2697601318
12.0635328293
12.0794725418
12.0759859085
12.2144670486
12.2000207901
12.6107320786
12.6550655365
12.4588012695
12.5865716934
12.5457258224
12.247592926
12.2543182373
12.1133460999
12.0944166183
12.217206955
12.0087375641
11.6555624008
11.5073680878
11.5584259033
11.2426099777
11.3230581284
11.2323980331
11.4279146194
11.2749891281
11.2084884644
11.4652748108
11.5362586975
11.7135953903
11.5666446686
11.7205677032
11.8600463867
11.8590488434
12.0117273331
11.9658994675
11.9711294174
11.981590271
12.2079906464
12.6595487595
12.788564682
12.8518276215
12.7890634537
13.1330242157
13.2107334137
13.1300354004
13.1429872513
13.0956640244
13.0914297104
13.0099849701
13.405503273
13.3088645935
13.2007703781
13.3586778641
13.4206962585
13.484208107
13.5317802429
13.4727506638
14.9801006317
15.3850831985
15.1390047073
15.1427412033
15.2426166534
15.256067276
15.3549461365
15.4072504044
15.3541994095
15.4067516327
15.2852067947
15.3175859451
15.3325300217
15.4466018677
15.5484714508
15.5686445236
15.6107368469
15.562169075
15.5138502121
15.3721313477
15.025929451
14.831158638
14.5385055542
14.5342721939
14.8583068848
14.7155923843
14.7253055573
14.5208215714
14.8187055588
14.6949195862
14.4984064102
13.8408708572
14.056063652
14.2421169281
14.2715072632
14.4050064087
14.6236867905
14.7083692551
14.7322797775
14.7499637604
14.8099889755
14.8172111511
14.7023916245
14.7375097275
14.7148447037
14.8209466934
15.0204496384
15.0807237625
15.0493412018
15.0032644272
14.9170866013
14.9688930511
14.9155931473
14.7937994003
15.0523300171
14.9967880249
15.1698904037
15.2802257538
15.3534507751
15.2979097366
15.3427419662
15.3641605377
15.3596782684
15.5462293625
15.9310369492
15.7347717285
15.6107368469
15.2386322021
15.2199516296
15.4398784637
15.3549461365
15.3621692657
14.9686441422
14.9529533386
15.2189559937
15.2428655624
15.1967887878
15.2174606323
15.2999019623
15.4017696381
15.3549461365
15.3534507751
15.5541992188
15.645108223
15.5454816818
15.5472249985
15.5731277466
15.6931781769
15.1982831955
15.2259292603
15.1636629105
15.1940488815
15.2777347565
14.9629154205
14.9636631012
15.1820936203
14.9594278336
14.7362651825
14.752453804
14.7390050888
14.4533252716
14.363910675
14.1965379715
14.1858282089
13.8754911423
13.9815940857
13.9741220474
14.3586797714
14.3791036606
14.4996519089
14.6174602509
14.4393777847
14.3302869797
14.4889421463
14.4916820526
14.6142215729
14.7397518158
14.6371364594
14.1741218567
14.3008966446
14.4458532333
14.4000253677
14.3803491592
14.211979866
14.3532009125
14.408741951
13.2179555893
13.1218156815
12.9895620346
13.0941696167
13.0784788132
13.0772333145
13.2707576752
13.3937969208
13.3990268707
13.5517053604
13.4137220383
13.2974081039
13.3447313309
13.3068733215
13.332526207
13.3918037415
13.515838623
13.3362617493
13.3262996674
13.1893129349
12.9121017456
13.2119779587
13.1957893372
13.2316551208
13.0518293381
12.9113550186
12.9081172943
12.943236351
12.9048786163
12.9738712311
13.1761131287
13.0909318924
13.1522016525
13.0281667709
12.9778556824
12.9272947311
12.9307823181
12.870010376
12.6901836395
12.5711297989
12.6617908478
12.5267963409
12.4625368118
12.0802202225
12.0692605972
12.2789745331
12.129784584
11.9606676102
11.8276672363
12.024928093
12.295165062
12.3927993774
12.6122255325
12.9771089554
13.2612934113
13.3340206146
13.6139707565
13.250084877
13.1327753067
13.3003969193
13.40625
13.1741199493
14.8847084045
14.8179588318
15.0074977875
14.8281698227
15.1180839539
15.3980340958
15.4167137146
15.5048837662
15.1238117218
15.2164649963
15.0358915329
15.1126041412
14.7546958923
14.9731273651
14.3840847015
14.4219427109
13.5995264053
14.2817192078
13.6739969254
14.0007724762
14.0416193008
13.8787288666
13.4246807098
13.2789773941
12.5748662949
12.2271699905
12.407743454
12.9220647812
13.0333976746
12.9524507523
13.1223144531
13.4266738892
13.4670219421
13.4734983444
13.2627878189
13.0720033646
13.0057506561
13.3008947372
13.324057579
13.0722522736
13.2035102844
13.1885662079
13.2520780563
13.5133485794
13.6159639359
13.6157150269
13.6147193909
13.4296617508
12.9678926468
13.0886898041
13.2475948334
13.4331493378
13.171628952
13.1382551193
12.8279180527
12.3417396545
12.5006446838
12.5703830719
12.8196992874
12.8299102783
13.3791017532
13.5287914276
13.6612939835
13.9225654602
14.7367630005
14.5058784485
14.7076215744
14.4632883072
14.5372610092
14.7071237564
14.8548202515
14.5245580673
14.6030139923
14.9108600616
14.9474725723
14.7606725693
14.4122285843
14.56590271
14.8817195892
14.8478469849
15.1514587402
15.2513341904
14.9676475525
14.8214464188
15.1519565582
15.2677726746
15.3564395905
15.2296648026
14.9656553268
14.8164644241
14.4692659378
14.4458532333
14.1995267868
14.0224399567
14.6498394012
14.5188302994
14.9287929535
15.2869510651
15.4510860443
15.5828418732
15.5360174179
15.526553154
15.3437376022
15.6269264221
15.5763664246
15.5823440552
15.3940486908
15.4306621552
15.5905628204
15.4876976013
15.7004013062
15.5870761871
15.683713913
15.7693920135
15.9464788437
15.9327802658
16.0000286102
16.0872001648
16.5731296539
16.6446113586
16.4137268066
16.1898174286
15.5033893585
15.5203256607
15.5905628204
15.6822185516
15.566403389
15.6558179855
15.7636642456
15.9295415878
14.595044136
14.5833377838
14.4690170288
14.1840848923
14.1494636536
14.4453554153
14.3883190155
14.4485931396
14.4665260315
14.5731258392
14.8525791168
15.1703882217
15.1126041412
15.1893167496
15.2294158936
15.0911846161
15.2478466034
15.1870746613
15.0824670792
15.1063776016
15.0595531464
15.292678833
15.1417446136
15.096165657
15.1905622482
15.1758670807
15.4020185471
15.3985328674
15.5018949509
15.4732522964
15.2989063263
15.0675230026
15.1133508682
15.1218204498
14.9502134323
15.0722551346
15.3868255615
15.3422441483
15.4702644348
15.5676488876
15.7903137207
15.7781095505
15.9397535324
16.0909366608
16.0047607422
16.1726303101
16.1150970459
16.332780838
16.1497173309
15.9711360931
16.1126060486
16.0055065155
15.8194551468
15.7489690781
15.7121067047
15.6129789352
15.8396291733
16.2144737244
15.5566902161
15.0951700211
15.1823425293
15.1295413971
14.9265518188
14.8458538055
14.8842096329
14.9756183624
15.1860790253
15.3292922974
15.3170881271
15.0647830963
15.0543231964
15.1248092651
15.218457222
14.8685188293
15.1320314407
15.2625417709
15.1718816757
15.2842111588
15.0742483139
15.0436134338
15.2206993103
15.6645345688
15.5180835724
14.9539489746
15.2954187393
14.9639120102
15.179602623
15.0351448059
14.7330274582
14.8030147552
14.6508350372
14.4672727585
14.2211952209
14.4107351303
14.2069988251
14.4600496292
14.4017686844
14.4570608139
14.1594266891
14.0747442245
13.9748687744
13.9240589142
14.060049057
14.2179584503
14.4839611053
14.3838357925
14.0774841309
14.2336492538
13.9651546478
14.0642843246
14.1793518066
14.0550680161
14.44759655
14.4575595856
14.6408720016
14.8423671722
14.5947952271
14.595541954
14.4881954193
14.2264261246
14.2087421417
14.3591775894
14.3193283081
14.3644094467
14.4647817612
14.7711343765
15.213476181
15.3302879333
15.1325302124
15.1429901123
15.2767391205
15.8147230148
15.7484712601
15.7651576996
15.7579345703
15.6600522995
15.9733781815
16.0104885101
15.953701973
15.9957942963
15.9987831116
15.990064621
16.4386348724
16.6540756226
16.6261806488
16.7589321136
16.8652858734
16.8254337311
16.6752471924
16.8662815094
16.8568172455
16.9023952484
16.6680240631
16.868024826
17.1360206604
16.9783611298
17.063293457
16.9624214172
16.9544506073
17.4197063446
17.5878276825
17.4538288116
17.2401294708
17.2075023651
17.5850868225
17.6757469177
17.6832199097
17.8899440765
18.1195831299
18.1350250244
18.2812271118
18.6645412445
18.6590614319
18.7661590576
18.8418750763
18.7920627594
18.9733829498
18.8540802002
18.9913158417
19.1295471191
19.1195850372
18.87525177
18.5327854156
18.5444908142
18.7168445587
18.5492229462
18.455324173
18.5479774475
18.8167190552
17.3101177216
16.9811000824
16.9033927917
16.9452342987
16.8692703247
16.8807277679
16.8157215118
16.9439907074
17.1255588531
17.1337776184
17.0102405548
16.9793567657
16.6157207489
16.2463550568
16.5138511658
16.5853347778
16.41472435
16.2528305054
16.1210746765
16.1190814972
16.642868042
16.6867046356
16.5845870972
16.6368904114
16.4670276642
16.7051353455
17.0279254913
17.2326583862
17.3940525055
17.3163433075
17.2112388611
17.1312885284
17.2137298584
17.0413742065
17.0715122223
17.3569412231
17.373878479
17.5018997192
17.4834671021
17.95221138
17.9594345093
17.9355220795
17.991563797
17.8239402771
17.6712646484
17.6555728912
17.5913124084
17.4349002838
17.6184616089
18.0137290955
18.0241909027
18.380355835
18.300157547
18.2640419006
18.3840923309
18.4677772522
18.4306678772
18.0137290955
18.0555725098
17.8129825592
17.716594696
17.5469799042
17.5061321259
18.4682750702
18.7848396301
18.7713909149
18.6981658936
18.7716388702
18.7753753662
18.8217010498
19.3175926208
18.9046401978
19.072013855
19.1823501587
19.2764968872
19.5609302521
19.487455368
19.4446163177
19.4984149933
19.6219520569
19.7482280731
20.0959262848
19.7375183105
19.8139820099
19.9180927277
19.6954269409
19.679485321
19.9198360443
19.9552021027
20.0794868469
20.4608078003
20.8867111206
20.7068862915
20.7372722626
20.7103729248
20.7925643921
20.6129875183
20.5557022095
20.4618034363
20.2814807892
20.1193370819
20.2072582245
20.2916927338
20.2057647705
20.1821022034
20.1654148102
20.2346553802
19.9915676117
19.7806072235
19.9549541473
20.2500972748
20.0797367096
19.8025245667
19.5031471252
19.2989120483
19.3686523438
19.6807327271
19.685962677
19.6774940491
19.4752521515
19.7601833344
19.4909439087
19.0762481689
19.922077179
19.9280548096
20.1220779419
20.2603092194
20.1519641876
19.9606819153
20.4000358582
20.5372714996
20.4341583252
20.6628017426
21.0640468597
21.4583187103
21.3507213593
21.7591915131
21.7056427002
21.9235744476
21.8563270569
22.0946846008
22.8117465973
22.5123672485
22.6446228027
22.6284332275
22.5895786285
22.1524677277
21.9873352051
21.7514705658
21.9494781494
21.6266880035
21.6877098083
21.6991653442
21.6097507477
21.3972988129
21.4122428894
21.5352802277
21.9111213684
22.1723918915
21.9131145477
21.7180957794
21.843126297
21.7943096161
22.073513031
22.4314212799
22.4329166412
22.0359039307
21.9410095215
21.6635494232
21.5741348267
21.7596893311
21.8448696136
21.9270610809
22.1141109467
21.9753818512
22.0779953003
22.2538375854
22.5427532196
22.5464897156
22.5651702881
22.9200897217
22.9888324738
23.0309238434
22.9043998718
22.8779983521
22.6819820404
22.3312969208
22.6824798584
22.5106258392
22.4882087708
22.1096286774
22.0510978699
21.9743843079
22.1898269653
22.1108722687
22.5210857391
22.5796165466
22.540512085
22.3305492401
22.1831016541
22.233165741
22.1771259308
22.0550823212
21.9489803314
21.6640472412
21.4112453461
21.3427524567
21.5604362488
21.5547084808
21.6520938873
21.7611846924
21.6740093231
21.5788669586
21.1743831635
21.1345329285
21.3058891296
21.0934371948
21.4291782379
21.7093772888
21.9068870544
21.9073867798
22.1183452606
22.1337871552
22.3210849762
22.2431278229
22.1437492371
22.1111221313
22.0700263977
22.4986686707
22.3758792877
22.4934387207
22.0797405243
22.0882072449
21.8488540649
21.8722667694
21.8279342651
21.8159770966
22.0921936035
22.1168518066
21.8204612732
21.7273101807
21.5626773834
21.2620544434
21.3166007996
21.6249446869
21.7183437347
21.8209590912
21.9679088593
22.3669128418
22.1367759705
25.1908283234
24.9888362885
25.0809898376
25.6889610291
25.5430088043
25.2852249146
25.2802429199
25.809261322
25.6643047333
25.6682891846
25.5801181793
25.5569553375
25.4426345825
25.4732704163
25.1046524048
25.305896759
25.1704044342
25.200044632
25.7153625488
25.7841053009
25.7425117493
25.6924476624
25.5342903137
25.462310791
25.7552127838
25.7009162903
26.0506057739
26.3614406586
26.4785022736
26.3908309937
26.2635574341
26.233171463
26.3557128906
26.3347911835
26.6468715668
26.852848053
27.0152397156
26.8316783905
26.6491127014
26.4207191467
26.7243309021
26.6466217041
27.0174827576
27.0540943146
27.4127502441
27.7733974457
27.6922035217
27.8321781158
27.8555908203
27.6329250336
27.9131240845
27.7240829468
27.5218410492
27.8286914825
28.3651790619
28.4242095947
28.1504840851
28.1489906311
27.96966362
28.6276950836
28.6082687378
28.7975597382
28.6558418274
28.9838619232
29.0167388916
28.894197464
27.9908332825
27.427942276
27.9704093933
27.5696620941
28.2787532806
29.4139995575
28.2299365997
28.3477458954
28.473274231
28.8907108307
29.3260784149
29.2137508392
29.6433887482
29.5564651489
29.8854827881
29.9577102661
30.1589565277
29.9462547302
29.9903392792
29.9823684692
30.1995544434
30.3861045837
30.3903408051
30.3664283752
30.2777614594
29.9549713135
30.2593307495
30.3427677155
30.3763923645
30.2563419342
30.1761417389
29.8877239227
30.0697917938
29.6154937744
29.2105121613
29.6912097931
30.1684207916
29.8692932129
29.817237854
29.465555191
28.8401508331
28.8598251343
28.1935749054
27.8465461731
27.9228382111
27.7722511292
28.2803554535
28.2723789215
28.4090023041
27.0826454163
26.8338279724
27.6690349579
28.1297702789
26.973443985
26.4573612213
26.5530986786
26.7485618591
27.7508106232
26.7316074371
26.358631134
26.6672859192
26.2748622894
26.1861057281
25.7383346558
25.7867031097
26.3127574921
26.2609004974
26.494758606
26.3242263794
26.3182430267
25.6864776611
25.4281864166
25.4800453186
25.865486145
26.4234542847
26.5815200806
26.2604026794
25.9278144836
25.960226059
26.3705997467
26.4159755707
26.8732204437
27.1783828735
27.5593357086
28.2200222015
28.007106781
27.9273262024
27.9178524017
27.6206665039
27.1723976135
27.1584377289
27.6191711426
27.7403392792
28.029045105
27.950761795
27.8654956818
27.4920215607
27.5124645233
27.1394882202
27.0761623383
27.5927448273
27.6690349579
27.7418346405
28.1701583862
28.1537036896
28.8532829285
28.7211456299
28.7829761505
28.6852455139
29.0537338257
29.0370292664
29.1564502716
29.0327892303
28.4763183594
28.7251358032
28.4768161774
28.8797111511
29.1634311676
29.1589431763
29.0532341003
28.60795784
29.6725349426
29.3928012848
29.6555805206
29.7174110413
29.586271286
29.3703632355
29.4491462708
29.2003307343
29.2905826569
28.5017471313
28.2260055542
28.5790367126
28.1761417389
28.2411632538
28.0908756256
28.3606357574
28.3162574768
28.059463501
28.6603126526
28.6538314819
28.5954914093
29.0283031464
29.2626590729
29.1444835663
29.0886363983
29.048248291
28.9305706024
28.8138904572
28.471830368
28.3820762634
28.5017471313
28.7874641418
28.8178806305
29.0193271637
29.2237663269
29.4052677155
28.9709606171
29.0751743317
28.9879131317
28.7021980286
28.576543808
28.9181041718
29.1584453583
29.3828296661
29.7223968506
29.2880897522
28.9769439697
29.3190040588
28.6742744446
28.7759952545
28.7390975952
28.7889595032
28.3357048035
28.4259567261
28.6852455139
28.7884616852
28.1098232269
28.5466251373
27.9672164917
27.1499595642
26.5875034332
26.8233566284
26.4289398193
26.1536941528
25.4885215759
25.970697403
26.2549171448
26.5625724792
27.1245307922
26.9151058197
26.9644699097
27.3698558807
27.3912963867
27.4401626587
27.8774623871
27.6849918365
27.6296424866
27.2212638855
27.0277957916
26.976436615
27.2995491028
27.4391651154
27.2905731201
27.1943378448
27.1454715729
26.7520523071
26.6782550812
26.7759876251
26.6682815552
26.8014163971
26.889673233
26.979927063
26.944524765
27.0173244476
26.6169223785
26.6144294739
26.4932632446
26.7919425964
26.1910915375
26.2768573761
26.5954818726
26.2309837341
26.3446712494
25.861995697
25.6196613312
24.7016811371
25.1753807068
25.4850311279
25.7468128204
26.1716461182
26.4568634033
26.3661117554
26.6283912659
26.4438972473
26.4483852386
26.2479362488
26.1686534882
25.6231517792
25.0292816162
24.9864006042
25.0651836395
24.7405757904
24.5600700378
24.7410736084
24.9749317169
25.0208053589
25.334444046
25.2756061554
25.8310813904
26.6463413239
26.9235801697
26.6872291565
25.8605003357
25.4301815033
25.4630908966
26.6528244019
26.3516521454
26.389547348
26.0664348602
26.3067741394
26.477306366
26.3192405701
26.7734928131
26.7251262665
27.0721721649
27.3753414154
27.0676860809
26.9111156464
27.0691814423
26.8737182617
26.5226821899
26.7311096191
27.1190452576
27.6979541779
27.8435554504
28.48878479
28.6034698486
28.5900058746
28.6877384186
28.3065338135
28.3646259308
27.6745204926
27.483543396
27.6994514465
27.2910728455
27.6495876312
27.4665908813
27.8984050751
27.8231124878
27.941286087
27.8639984131
28.4314403534
27.8627529144
27.6824989319
27.3419322968
27.5259284973
27.3249797821
27.0537242889
26.7031860352
26.7647666931
26.7774810791
27.0063533783
26.9649677277
26.9265727997
26.8846874237
26.4468898773
26.5535964966
26.6169223785
26.1307582855
26.6957073212
26.6254005432
26.894411087
27.2751159668
28.1756439209
27.7684993744
27.6840000153
27.454000473
26.8670005798
26.8950004578
27.0389995575
26.5400009155
26.2110004425
26.5349998474
26.9109992981
26.7849998474
26.4519996643
26.4810009003
26.9200000763
26.6924991608
26.6149997711
26.8680000305
26.9634990692
27.1254997253
27.0055007935
26.6159992218
26.9895000458
26.9890003204
26.6054992676
26.6994991302
26.9589996338
27.015499115
26.8349990845
26.6665000916
26.3414993286
26.3344993591
26.8344993591
26.7304992676
26.6165008545
26.3600006104
26.4074993134
26.4629993439
26.8365001678
26.8344993591
26.9095001221
27.0240001678
26.8920001984
26.7614994049
26.5844993591
26.0760002136
26.0254993439
26.091999054
26.1700000763
26.142999649
26.2509994507
25.8414993286
26.0340003967
26.5065002441
27.3274993896
28.0550003052
28.0109996796
28.9925003052
33.6464996338
33.1510009766
33.1150016785
33.1049995422
32.2140007019
31.1779994965
31.3630008698
31.3999996185
31.5965003967
31.6294994354
31.280500412
31.5604991913
31.4624996185
32.188999176
32.1339988708
31.7649993896
31.6865005493
33.0390014648
32.9780006409
32.8224983215
32.8559989929
33.0434989929
32.8064994812
33.0449981689
32.3414993286
30.6240005493
29.4804992676
29.1030006409
31.4309997559
31.8805007935
31.5189990997
30.9125003815
29.8894996643
30.716999054
30.3125
30.0349998474
30.7329998016
30.6359996796
31.0674991608
31.2884998322
31.1620006561
31.7569999695
31.7989997864
32.1450004578
31.4624996185
31.7719993591
31.1345005035
31.1180000305
31.2900009155
30.5984992981
29.7444992065
29.748500824
30.420999527
30.5645008087
31.345500946
32.0735015869
32.2719993591
32.1180000305
31.9580001831
32.1805000305
32.3334999084
32.6150016785
32.5579986572
33.0870018005
33.1100006104
33.3050003052
32.513999939
32.1305007935
32.5895004272
35.0999984741
35.638999939
35.4244995117
35.6474990845
35.8460006714
35.5405006409
36.0555000305
36.108001709
36.4054985046
36.5625
36.6879997253
36.2444992065
36.4160003662
36.7700004578
36.5615005493
35.8499984741
36.4480018616
36.2649993896
37
36.920501709
37.8300018311
37.7989997864
37.4140014648
37.4075012207
37.5130004883
37.1300010681
38.3520011902
38.1189994812
37.6269989014
38.3404998779
38.1624984741
38.1184997559
37.5805015564
37.4729995728
36.9435005188
37.3885002136
37.1699981689
37.904499054
37.4715003967
36.9654998779
37.3885002136
37.5
37.515499115
37.4199981689
38.1254997253
38.8300018311
38.5499992371
37.9440002441
37.091999054
37.1290016174
37.1809997559
36.3194999695
35.7234992981
35.8014984131
36.3035011292
35.0279998779
35.736000061
34.7224998474
35.0895004272
34.9225006104
35.329498291
36.2625007629
35.5834999084
35.6520004272
34.9995002747
36.5480003357
37.1474990845
37.5999984741
38.2324981689
36.3474998474
35.4005012512
34.1785011292
34.1370010376
33.9054985046
34.2060012817
34.1554985046
34.1199989319
34.5499992371
35.4199981689
34.8675003052
35.045501709
35.3230018616
34.7924995422
34.9780006409
35.2874984741
35.2535018921
34.8885002136
35.9404983521
35.9425010681
35.6209983826
35.5444984436
34.7579994202
34.6985015869
35.2620010376
35.6409988403
36.3409996033
36.5245018005
36.4165000916
36.8045005798
36.888999939
36.8800010681
37.1044998169
37.0374984741
36.9029998779
36.7649993896
36.6764984131
37.2384986877
37.5265007019
37.2475013733
37.4954986572
37.2644996643
36.8899993896
37.2845001221
37.013999939
36.9575004578
36.8050003052
37.154499054
37.5859985352
37.6599998474
37.9500007629
38.3305015564
37.6964988708
37.6334991455
37.9570007324
35.9384994507
36.1575012207
35.4070014954
35.2919998169
34.5509986877
34.6505012512
34.9104995728
34.6180000305
34.7849998474
35.0714988708
35.5559997559
35.6450004578
36.1590003967
35.7644996643
35.6655006409
35.5415000916
35.8245010376
35.3115005493
35.3315010071
35.0159988403
35.4869995117
35.2120018005
36.0045013428
36.2635002136
36.2060012817
36.6329994202
36.7859992981
36.7075004578
36.5200004578
36.1170005798
35.8274993896
35.8325004578
36.4140014648
36.4290008545
35.970500946
35.9179992676
35.9135017395
35.9459991455
35.5180015564
34.5859985352
34.6855010986
34.797000885
34.8730010986
35.09349823
33.7610015869
33.4129981995
34.0019989014
34.2055015564
34.6049995422
34.9604988098
34.7475013733
34.8885002136
34.7680015564
35.28150177
35.7545013428
36.0320014954
35.8489990234
36.0475006104
35.9925003052
36.688999176
36.8479995728
37.0595016479
36.9314994812
37.1370010376
36.9884986877
36.9210014343
37.0885009766
37.295501709
38.4394989014
38.6440010071
38.5535011292
38.6590003967
38.5805015564
39.111000061
39.0880012512
39.2130012512
39.2340011597
39.2425003052
39.1609992981
39.1220016479
38.8569984436
38.9954986572
38.875
38.7709999084
38.6074981689
38.6040000916
38.4819984436
38.470500946
38.4770011902
38.6074981689
38.454498291
38.3525009155
38.438999176
38.5730018616
39.0040016174
39.0175018311
38.7659988403
37.983001709
38.4510002136
37.984500885
38.1245002747
38.5880012512
38.4440002441
38.2849998474
38.5704994202
38.811000824
39.3605003357
39.3450012207
38.7104988098
39.1505012512
39.077999115
38.7504997253
38.8644981384
38.6279983521
38.8214988708
38.8235015869
38.8429985046
38.7540016174
39.297000885
39.1534996033
39.3069992065
38.9095001221
38.9264984131
38.9980010986
39.7630004883
40.0750007629
39.8484992981
39.96849823
40.6554985046
40.3834991455
39.9534988403
39.7675018311
39.7685012817
39.2270011902
39.1805000305
38.4350013733
38.1064987183
38.1010017395
39.1259994507
39.5255012512
39.265499115
38.1279983521
37.7010002136
36.8040008545
37.9244995117
38.2239990234
38.5615005493
38.0270004272
38.4599990845
38.4135017395
38.0494995117
38.0839996338
38.4119987488
38.5419998169
37.9020004272
37.3959999084
37.5250015259
38.1259994507
37.9555015564
38.5595016479
38.8209991455
39.4645004272
39.4635009766
39.8050003052
39.8535003662
39.8925018311
39.5400009155
39.7099990845
39.8209991455
39.7280006409
39.5629997253
39.4954986572
39.5774993896
39.2524986267
39.1394996643
38.5909996033
39.3069992065
39.3450012207
39.7010002136
40.3074989319
40.3325004578
40.2394981384
40.3955001831
40.3180007935
40.3940010071
40.2304992676
40.3035011292
40.1087493896
40.2509994507
40.9654998779
41.1935005188
41.7835006714
41.6074981689
41.1655006409
40.1160011292
39.8395004272
39.7847518921
39.9264984131
40.0745010376
40.0670013428
40.3484992981
40.4189987183
40.4780006409
40.6834983826
40.9620018005
41.0224990845
40.9490013123
41.2080001831
41.4034996033
41.5830001831
41.5379981995
41.5665016174
41.4319992065
41.4640007019
41.1604995728
41.7620010376
41.53150177
41.4539985657
41.388999939
41.595500946
41.7685012817
41.9339981079
42.1624984741
42.2770004272
42.28099823
42.3600006104
42.438999176
42.6059989929
42.4199981689
41.5229988098
41.4794998169
40.8790016174
40.7215003967
40.9754981995
41.0460014343
41.5704994202
41.5750007629
41.4780006409
41.9275016785
41.7285003662
41.5704994202
41.3940010071
41.2335014343
41.2364997864
41.1674995422
41.2159996033
41.1780014038
41.8585014343
41.8409996033
41.9104995728
42.0825004578
42.1595001221
43.1380004883
43.6150016785
43.5864982605
43.7125015259
45.2980003357
45.6285018921
45.8219985962
46.3520011902
46.5830001831
46.3564987183
46.7150001526
46.6085014343
46.438999176
46.5299987793
46.611000061
46.8540000916
47.1500015259
45.9809989929
46.5120010376
46.7005004883
47.0929985046
47.4410018921
47.7480010986
48.4770011902
48.5735015869
48.7939987183
48.2430000305
48.3474998474
48.7799987793
49.1839981079
48.8284988403
49.047000885
49.170501709
47.4915008545
47.1450004578
47.6699981689
47.5379981995
47.1155014038
46.9889984131
47.8684997559
47.53150177
47.9724998474
47.8544998169
48.279499054
47.6134986877
46.3665008545
47.0245018005
45.8894996643
45.4365005493
44.9350013733
45.5854988098
45.3344993591
45.9295005798
46.4399986267
46.5045013428
47.1915016174
47.358001709
47.7994995117
47.6710014343
48.2700004578
48.5444984436
48.4075012207
48.6459999084
49.016998291
47.5349998474
47.3899993896
46.704498291
47.076499939
46.5250015259
46.5415000916
46.5195007324
46.1824989319
46.3979988098
46.4679985046
46.3395004272
46.1450004578
45.3619995117
45.7195014954
46.1334991455
46.111000061
46.3479995728
45.5489997864
45.5335006714
45.3330001831
46.234500885
46.3499984741
46.063999176
45.7944984436
45.6904983521
46.0644989014
46.4785003662
46.9664993286
46.8670005798
46.4225006104
46.390499115
46.7975006104
46.3250007629
46.4539985657
46.6035003662
46.7545013428
46.2555007935
46.0144996643
45.75
46.0904998779
46.5789985657
46.6225013733
46.4264984131
46.048500061
46.2430000305
47.2244987488
47.4749984741
47.9555015564
47.6635017395
47.8894996643
47.5839996338
48.4980010986
48.9444999695
48.8499984741
48.6300010681
49.4625015259
49.3914985657
49.4840011597
49.5999984741
49.6090011597
49.640499115
49.2224998474
49.4099998474
48.4225006104
48.5270004272
48.6665000916
48.6279983521
50.9635009766
50.8554992676
50.8320007324
51.2750015259
51.2789993286
51.6240005493
51.2949981689
51.6665000916
51.9925003052
51.5629997253
51.4034996033
51.2874984741
51.2999992371
51.045501709
51.625
50.954498291
50.9189987183
51.7244987488
51.7980003357
52.0304985046
52.7104988098
52.3704986572
51.0830001831
51.0704994202
50.5084991455
49.9339981079
50.2574996948
50.9189987183
51.5465011597
51.8525009155
52.0550003052
52.0239982605
52.0304985046
52.4575004578
53.2094993591
53.8569984436
53.5340003967
53.2475013733
53.1814994812
53.0060005188
52.8370018005
52.46849823
52.4070014954
52.3199996948
53.25
54.1240005493
54.3199996948
55.1114997864
55.3470001221
55.3129997253
55.1305007935
55.2760009766
56.1129989624
56.0880012512
56.5989990234
56.4894981384
56.8754997253
57.7905006409
58.498500824
58.2120018005
58.5185012817
58.7919998169
58.7789993286
58.1845016479
58.4970016479
58.3849983215
55.5950012207
52.7900009155
54.0299987793
52.4290008545
50.0760002136
51.888999939
52.5970001221
52.6049995422
53.4850006104
54.4760017395
54.7400016785
55.1230010986
55.5670013428
55.3315010071
56.3395004272
57.1875
55.9145011902
55.2364997864
53.4760017395
53.9459991455
54.5465011597
54.7529983521
55.4819984436
56.2999992371
58.0019989014
58.2249984741
56.9085006714
57.4744987488
57.4790000916
56.7864990234
54.9910011292
54.8855018616
54.5439987183
52.4539985657
51.0784988403
52.6604995728
50.2550010681
50.2280006409
51.5895004272
50.3235015869
50.670501709
51.2569999695
51.390499115
50.3520011902
50.7724990845
51.5820007324
50.998500824
51.6254997253
51.4635009766
51.8989982605
53.7080001831
53.6040000916
54.3849983215
53.6479988098
53.3725013733
50.9990005493
51.0589981079
52.0019989014
51.5024986267
50.8665008545
51.8655014038
51.21900177
51.186000824
52.4104995728
52.7394981384
52.6954994202
54.1380004883
54.8785018921
54.9129981995
55.0099983215
53.9614982605
54.0885009766
53.9295005798
53.3180007935
53.9790000916
53.4864997864
53.984500885
53.9620018005
53.783000946
53.0159988403
53.3899993896
54.2495002747
55.9749984741
56.9645004272
56.983001709
56.84400177
56.1930007935
56.0434989929
56.4995002747
56.9659996033
56.7394981384
57.6059989929
57.6129989624
58.6730003357
58.4029998779
58.4920005798
57.8829994202
57.7739982605
56.2405014038
55.9230003357
55.1990013123
55.7109985352
55.7825012207
56.3730010986
55.1445007324
56.2135009766
57.0084991455
57.7024993896
57.641998291
57.6949996948
59.1739997864
59.4410018921
59.1930007935
59.9399986267
59.7939987183
59.3479995728
59.2454986572
60.2750015259
62.4039993286
63.1850013733
63.4165000916
61.9249992371
60.9869995117
60.8629989624
61.0004997253
61.3074989319
61.1855010986
61.2384986877
62.111000061
62.2804985046
62.4550018311
61.8805007935
61.7504997253
62.1049995422
60.71900177
60.3245010376
60.0480003357
60.3885002136
60.0810012817
60.3665008545
60.2690010071
61.0325012207
62.0909996033
61.5574989319
62.4650001526
61.9560012817
60.9095001221
59.8499984741
59.3240013123
58.5719985962
58.2415008545
58.2319984436
58.8680000305
58.1409988403
58.7664985657
58.626499176
57.8025016785
58.061000824
58.5545005798
59.34349823
58.3045005798
58.6684989929
59.2324981689
59.0245018005
59.7319984436
59.673500061
59.765499115
60.0055007935
60.1474990845
58.4095001221
57.8675003052
57.4485015869
56.9410018921
54.061000824
53.9659996033
55.5040016174
54.6124992371
56.063999176
55.7845001221
54.3984985352
54.8230018616
55.0579986572
55.1845016479
52.5354995728
54.7784996033
53.5735015869
51.0040016174
51.8105010986
53.8385009766
53.5
52.8894996643
52.0045013428
52.7905006409
54.6694984436
54.1199989319
53.3074989319
51.9314994812
51.8025016785
52.1829986572
53.2355003357
53.0745010376
51
51.2879981995
51.8805007935
51.1940002441
52.4309997559
52.220500946
54.3115005493
54.4150009155
54.7215003967
55.3214988708
52.5410003662
53.4365005493
51.8289985657
51.9775009155
52.5875015259
53.1839981079
53.0950012207
52.1049995422
50.826499939
51.4355010986
51.1505012512
50.470500946
48.9770011902
48.811000824
51.9729995728
52.1940002441
51.8540000916
51.7804985046
52.2924995422
50.8030014038
53.5354995728
53.4194984436
53.813999176
53.733001709
53.5164985657
52.859500885
52.234500885
53.8574981689
54.048500061
54.4949989319
54.9129981995
53.5260009766
53.7784996033
53.6949996948
54.5494995117
53.5040016174
53.03099823
54.452999115
55.8185005188
55.5374984741
56.6399993896
57.2994995117
55.7615013123
54.9355010986
54.7529983521
54.7504997253
56.0685005188
56.0079994202
56.0834999084
55.6824989319
55.9280014038
55.6899986267
54.8484992981
55.5185012817
55.4700012207
55.7565002441
55.8025016785
55.9959983826
57.0494995117
57.3899993896
58.1015014648
57.8930015564
57.1650009155
57.1160011292
58.7879981995
59.6599998474
59.6660003662
59.2775001526
59.2229995728
59.2130012512
59.9425010681
61.1985015869
61.5769996643
60.2750015259
59.6500015259
59.2309989929
58.6510009766
58.4244995117
58.6655006409
59.7215003967
60.0245018005
60.2960014343
60.75
60.3574981689
60.1920013428
59.8624992371
60.108001709
60.2309989929
60.8935012817
61.0550003052
61.3564987183
61.8170013428
61.8185005188
62.4420013428
63.2275009155
62.7999992371
63.1725006104
63.6090011597
64.3789978027
59.4239997864
58.4039993286
58.1305007935
59.2700004578
59.4695014954
58.7050018311
58.3134994507
58.1189994812
58.2135009766
56.6015014648
56.0219993591
58.2104988098
58.9490013123
58.1150016785
56.9425010681
57.4814987183
57.5709991455
57.0385017395
56.673500061
56.7075004578
55.8230018616
55.8974990845
55.1814994812
51.8115005493
52.6525001526
52.111000061
52.216999054
53.3019981384
54.0190010071
53.936000824
53.8515014648
54.4384994507
54.2675018311
54.625
55.1800003052
55.1165008545
55.5709991455
56.09400177
55.7760009766
54.3175010681
53.9900016785
53.8004989624
54.045501709
54.8974990845
55.5625
56.0789985657
56.579498291
55.8175010681
56.2415008545
57.0239982605
57.2104988098
57.2449989319
57.516998291
57.6790008545
57.3175010681
57.3165016174
56.5050010681
56.9034996033
57.3105010986
56.890499115
56.6059989929
62.5205001831
61.970500946
61.2569999695
60.8339996338
60.4505004883
59.6995010376
57.6160011292
58.4975013733
58.6995010376
60.2400016785
59.4005012512
58.7355003357
59.8634986877
58.2145004272
58.3629989624
58.8800010681
59.9225006104
59.1344985962
59.5625
59.4765014648
57.5644989014
58.4444999695
58.391998291
58.5509986877
59.6425018311
59.4049987793
58.4194984436
59.0704994202
60.5690002441
60.2464981079
60.220500946
60.2999992371
61.0084991455
61.7125015259
61.9780006409
61.5649986267
61.4575004578
61.6204986572
61.9355010986
61.4964981079
61.701499939
60.9379997253
62.3260002136
62.0694999695
61.2545013428
60.9500007629
60.2550010681
58.8315010071
59.3914985657
60.4500007629
60.3839988708
59.4565010071
60.1155014038
60.4334983826
60.7724990845
60.8569984436
62.1505012512
62.1819992065
62.6534996033
62.2745018005
62.3074989319
62.1399993896
62.9565010071
63.0494995117
63.2565002441
64.5
63.1310005188
63.0644989014
63.0055007935
63.6870002747
64.5684967041
64.6015014648
64.5899963379
65.4430007935
65.5684967041
64.9595031738
64.9400024414
64.9000015259
65.5729980469
66.7434997559
66.0350036621
65.7730026245
65.1524963379
65.0674972534
64.766998291
65.3345031738
65.6774978638
65.6494979858
65.2480010986
64.4960021973
64.763999939
66.0270004272
66.40650177
67.03099823
67.1780014038
67.233001709
67.2509994507
67.5134963989
67.3915023804
68.0585021973
67.7559967041
67.6309967041
67.8020019531
67.4794998169
67.4420013428
67.1780014038
68.0199966431
67.5944976807
66.8069992065
66.8509979248
68.3684997559
68.0329971313
69.7105026245
69.6669998169
70.216003418
70.9915008545
71.4865036011
71.9615020752
71.5439987183
71.9599990845
72.5849990845
74.0195007324
74.2200012207
74.2975006104
74.3324966431
73.3355026245
71.6949996948
72.6279983521
72.9315032959
72.7919998169
71.7115020752
74.2969970703
72.3535003662
72.4114990234
73.8115005493
73.9615020752
75.4339981079
75.4394989014
75.9134979248
75.733001709
76.0370025635
75.9834976196
76.3345031738
75.9075012207
74.2555007935
71.079498291
69.4225006104
69.658996582
65.9045028687
66.9664993286
69.4554977417
67.0695037842
69.3259963989
65.952003479
64.920501709
60.7779998779
64.0195007324
60.7705001831
55.7454986572
60.9864997864
54.2164993286
55.9900016785
54.8400001526
55.7644996643
53.6160011292
52.8310012817
56.7229995728
55.1245002747
58.0875015259
55.5354995728
57.3409996033
58.140499115
55.28099823
56.0419998169
54.8940010071
59.3460006714
59.3255004883
60.513999939
60.5724983215
60.8779983521
63.4614982605
63.123500824
63.173500061
64.1624984741
63.3305015564
60.8170013428
63.1604995728
63.8154983521
63.9654998779
63.7939987183
61.6834983826
67.0739974976
67.4329986572
66.0305023193
66.3399963379
67.5554962158
67.3649978638
68.6279983521
69.4185028076
70.1630020142
68.7870025635
67.4664993286
67.8065032959
68.6595001221
69.1969985962
68.6742477417
70.3359985352
70.1399993896
70.5210037231
70.8509979248
70.891998291
70.8365020752
71.4459991455
71.591003418
71.9609985352
71.8190002441
70.6090011597
71.9195022583
72.3304977417
72.8079986572
73.2925033569
70.1920013428
70.658996582
70.9925003052
72.1360015869
72.5559997559
71.797996521
71.5859985352
72.5930023193
73.2204971313
71.5985031128
72.0664978027
67.9950027466
69.7484970093
70.6804962158
71.9020004272
73.2350006104
74.7850036621
74.2590026855
74.8000030518
75.5494995117
77.0869979858
75.5670013428
76.0289993286
75.6819992065
75.9000015259
75.7774963379
78.2860031128
77.9209976196
78.4244995117
75.783996582
75.59349823
76.5100021362
75.016998291
76.1009979248
76.5725021362
74.1480026245
73.7225036621
73.2484970093
73.6804962158
75.0049972534
74.7245025635
74.8050003052
74.0159988403
75.3310012817
75.9225006104
75.3864974976
75.8990020752
77.9300003052
77.3765029907
79.0875015259
79.0210037231
79.4100036621
80.4110031128
82.6190032959
81.7164993286
82.2204971313
81.7089996338
83.0354995728
86.4140014648
82.0920028687
79.5520019531
76.6194992065
77.8479995728
76.6009979248
76.0360031128
75.9639968872
77.0719985962
76.0449981689
74.7764968872
72.99949646
71.5579986572
73.2730026245
70.7604980469
71.4144973755
72.2480010986
73.2259979248
73.4664993286
73.4800033569
74.5045013428
72.9209976196
74.3010025024
72.6719970703
73.014503479
74.2965011597
75.7610015869
78.4574966431
78.5839996338
78.4039993286
77.9564971924
78.6504974365
76.7304992676
77.7965011597
79.6654968262
80.7665023804
82.0500030518
79.5224990845
80.2129974365
75.8310012817
78.3619995117
81.0504989624
81.3014984131
82.5104980469
87.4564971924
88.1685028076
88.0875015259
88.1500015259
87.0195007324
87.6354980469
87.4919967651
88.8509979248
89.0690002441
88.5074996948
87.3389968872
88.1959991455
87.1094970703
86.7429962158
88.4440002441
88.5715026855
89.6595001221
88.0370025635
89.9049987793
91.3974990845
91.3385009766
91.3994979858
90.9739990234
90.9274978638
89.2064971924
88.7665023804
89.0885009766
88.0029983521
88.3884963989
88.1500015259
87.3949966431
86.5504989624
86.96849823
86.1750030518
86.6190032959
86.9424972534
88.8044967651
87.9359970093
86.9759979248
87.59400177
86.4120025635
87.0459976196
86.764503479
89.3625030518
90.360496521
88.3359985352
87.3274993896
87.7200012207
87.0090026855
86.8095016479
89.5429992676
94.3450012207
94.5625
95.0524978638
94.9700012207
95.8619995117
91.5394973755
93.1555023193
91.7870025635
95.0674972534
96.37550354
103.503501892
103.118499756
104.900001526
104.645500183
104.175498962
104.768997192
104.794502258
105.205497742
106.095001221
106.415496826
105.86000061
105.056999207
103.244003296
103.542999268
104.758499146
101.568000793
101.843002319
104.075500488
103.791999817
101.335502625
102.454498291
105.427001953
101.208503723
102.635002136
102.751502991
105.738502502
103.096000671
103.324501038
104.625999451
104.554000854
101.810997009
102.160003662
101.929496765
102.648002625
102.252998352
102.218002319
101.777496338
102.79750061
102.777000427
103.431503296
106.887496948
111.277496338
111.237503052
112.48400116
113.272003174
114.293998718
112.739501953
113.363502502
112.741996765
114.833000183
114.888000488
115.120002747
114.681503296
114.664497375
113.396003723
115.76499939
116.336997986
115.356002808
118.995498657
121.494499207
120.505996704
119.758499146
117.712501526
117.836997986
119.067497253
119.934501648
117.083000183
115.43800354
111.95400238
113.098503113
115.807998657
116.070503235
115.17150116
115.435501099
117.804496765
117.254997253
120.333503723
120.45349884
121.676498413
120.12550354
120.57800293
121.490501404
121.064002991
120.230499268
122.587997437
123.304496765
124.142501831
124.569999695
126.080001831
125.696502686
126.351997375
126.032997131
125.696502686
126.371002197
125.567497253
126.455001831
126.99949646
126.461502075
127.281997681
126.995002747
126.819503784
126.018501282
125.316001892
126.368499756
128.718994141
129.770996094
130.07749939
129.177001953
129.574493408
130.563995361
130.994506836
132.082504272
131.266494751
131.845504761
129.253997803
131.101501465
132.600494385
133.32850647
137.815994263
139.644500732
136.79649353
136.381500244
136.540496826
135.220993042
135.989501953
136.279998779
136.028503418
136.940002441
137.035995483
138.001998901
138.096496582
137.689498901
138.38949585
138.406005859
138.916000366
137.300506592
136.570007324
136.913497925
138.43699646
141.099502563
142.398498535
142.949996948
142.123001099
144.550506592
145.469497681
145.462005615
145.841995239
144.218994141
144.774993896
145.518997192
144.883499146
144.913497925
141.921005249
143.464996338
143.406005859
145.205993652
144.373504639
141.463500977
139.016998291
139.646499634
140.93850708
141.826507568
142.632995605
141.50100708
136.184005737
134.520996094
133.26550293
136.462493896
133.76499939
136.177001953
137.354003906
139.185501099
140.055999756
138.847503662
136.712997437
137.899993896
141.412002563
141.675003052
142.960494995
143.822006226
142.414993286
142.780502319
138.625
138.772994995
139.67199707
146.427505493
146.128997803
148.270492554
143.774002075
145.863006592
146.789993286
148.682998657
149.240997314
149.351501465
149.248504639
146.62600708
146.748001099
149.645492554
149.388000488
149.076004028
149.06199646
150.708999634
149.95249939
147.07850647
146.757003784
146.717498779
142.805999756
146.113998413
142.45199585
141.617996216
143.776504517
142.520492554
143.79649353
148.036499023
148.720504761
148.106002808
148.675003052
146.704498291
144.970504761
147.368499756
144.838500977
142.802993774
142.401504517
144.220504761
146.949005127
147.142501831
148.063995361
146.447998047
146.504501343
146.002502441
144.679504395
145.074493408
144.416503906
137.653503418
137.550994873
137.004501343
138.574005127
140.017501831
141.647994995
139.130996704
139.786499023
136.290496826
135.651992798
133.506500244
130.091995239
130.371994019
126.735496521
129.240005493
129.121002197
133.289505005
135.698501587
137.878494263
148.036499023
142.650497437
143.01600647
138.93800354
139.212997437
141.45300293
138.602493286
134.130004883
135.300003052
136.425506592
137.487503052
132.308502197
130.467498779
129.402496338
127.584999084
132.673492432
134.519500732
134.89100647
134.167999268
134.751495361
134.307998657
132.121994019
126.464500427
127.278503418
133.865997314
132.682006836
130.475494385
126.740997314
129.660507202
133.690505981
134.600494385
136.801498413
136.478500366
140.277496338
138.503494263
141.31199646
141.521499634
141.949996948
143.25
142.644500732
139.649505615
140.699996948
143.642501831
141.06300354
137.175994873
136.464996338
134.010498047
129.79649353
128.37449646
130.285995483
127.252998352
127.960998535
130.531005859
128.245498657
124.9375
119.613998413
123.25
119.505996704
115.020500183
119.411499023
114.966499329
117.156997681
118.129501343
122.574996948
116.746498108
115.660003662
113.083999634
114.584503174
113.960998535
113.161003113
116.51550293
114.792503357
116.701499939
112.401000977
110.745498657
109.31300354
111.666496277
105.926002502
105.839500427
108.29599762
112.799003601
114.039001465
114.137001038
117.746002197
114.564002991
117.010498047
117.229499817
117.237998962
114.917999268
111.427497864
106.876502991
107.194000244
110.39050293
106.636001587
107.865501404
112.01499939
112.033996582
112.684501648
118.538002014
116.622497559
112.571502686
112.256500244
109.372497559
109.081001282
113.887001038
115.213500977
119.305999756
120.168502808
116.522499084
114.849502563
112.18699646
111.440002441
112.766998291
109.910003662
114.620002747
114.699996948
115.040000916
108.36000061
108.209999084
105.440002441
113.599998474
114.589996338
116.63999939
115.480003357
115.900001526
118.779998779
118.870002747
118.220001221
118.13999939
117.5
120.650001526
119.819999695
122.650001526
122.879997253
122.510002136
120.319999695
120.86000061
118.120002747
115.069999695
114.769996643
114.699996948
117.699996948
111.300003052
110.339996338
109.910003662
109.150001526
110.550003052
108.680000305
107.480003357
110.480003357
109.419998169
111.779998779
111.870002747
105.309997559
105.870002747
103.900001526
103.629997253
103.849998474
101.830001831
100.010002136
100.569999695
99.1699981689
98.8099975586
98.0899963379
100.739997864
98.0899963379
96.1500015259
99.3000030518
102.410003662
102.220001221
102.239997864
99.5699996948
98.7099990845
98.0500030518
98.3000030518
99.7099990845
97.1800003052
100.779998779
101.38999939
100.290000916
100.529998779
101.480003357
102.970001221
104.930000305
94.8199996948
92.5999984741
96.5800018311
94.6600036621
90.5
87.0699996948
83.4899978638
86.6999969482
88.6500015259
88.9100036621
87.4000015259
94.1699981689
96.7300033569
96.0299987793
98.7200012207
98.9899978638
98.5
97.8000030518
95.8300018311
97.3300018311
98.8199996948
97.5999984741
96.25
95.4400024414
101.449996948
101.279998779
100.830001831
99.8700027466
97.3099975586
95.1500015259
93.9499969482
93.0699996948
93.5599975586
95.8499984741
95.3099975586
91.1999969482
90.8600006104
89.1500015259
89.6299972534
90.25
88.2600021362
89.8099975586
87.9300003052
86.4599990845
88.9499969482
88.7300033569
89.6999969482
88.7099990845
86.7699966431
88.1600036621
88.8000030518
89.2399978638
92.2600021362
91.9100036621
92.8000030518
92.1600036621
91.7799987793
93.9100036621
99.2799987793
101.209999084
99.2099990845
96.7300033569
99.1600036621
100.709999084
97.9499969482
99.8700027466
101.430000305
108.800003052
105.220001221
103.470001221
108.040000916
100
95.4599990845
94.8600006104
95
94.9499969482
97.0999984741
95.7799987793
94.5899963379
92.0500030518
91.8000030518
91.0699996948
89.3499984741
90.0999984741
90.3000030518
90.5100021362
92.3099975586
94.0199966431
95.5800018311
94.1699981689
94.6500015259
92.6600036621
91.0100021362
91.6600036621
94.25
96.5500030518
101.069999695
102.459999084
101.930000305
105.839996338
104.220001221
106.260002136
106.059997559
103.059997559
101.36000061
101.900001526
101.319999695
104
104.910003662
105.120002747
104.949996948
108.900001526
106.949996948
106.120002747
105.220001221
108.190002441
109.459999084
106.419998169
105.120002747
105.019996643
105.900001526
105.910003662
106.779998779
104.61000061
104.449996948
108.370002747
108.220001221
107.709999084
105.980003357
106.120002747
105.209999084
106.214996338
108.239997864
107.940002441
112.279998779
116.900001526
117.919998169
116.959999084
120.089996338
121.480003357
123.519996643
123.25
125.870002747
123.290000916
121.63999939
124.349998474
125.430000305
124.63999939
123.370002747
124.370002747
125.230003357
126.629997253
127.910003662
122.940002441
122.669998169
122.870002747
124.349998474
124.430000305
124.379997253
125.790000916
124.059997559
123.849998474
121.260002136
123.870002747
123.019996643
119.089996338
119.010002136
121.080001831
120.010002136
120.970001221
120.559997559
122.629997253
120.930000305
120.13999939
116.870002747
117.709999084
119.620002747
124.830001831
125.699996948
125.059997559
124.080001831
122.779998779
119.529998779
120.309997559
121.879997253
122.790000916
129.660003662
129.869995117
133.009994507
133.11000061
131.88999939
128.63999939
128.770004272
128.539993286
131.940002441
131.839996338
130.149993896
130.210006714
130.169998169
131.830001831
130.270004272
129.11000061
130.460006714
128.11000061
128.929992676
129.690002441
133.210006714
130.419998169
130.690002441
131.789993286
135.490005493
136.929992676
137.350006104
136.800003052
136.710006714
135.369995117
136.199996948
137.199996948
137.740005493
136.070007324
137.5
138.990005493
138.300003052
138.960006714
138.830001831
134.589996338
131.36000061
131.25
132.169998169
129.449996948
131.460006714
133.130004883
131.850006104
135.169998169
133.300003052
136.270004272
135.990005493
138.729995728
139.5
139.199996948
141.699996948
140.289993286
138.580001831
140.490005493
140.990005493
139.279998779
138.979995728
136.740005493
137.899993896
140.119995117
126.669998169
123.440002441
123.400001526
125.75
125.300003052
127.569999695
128.580001831
130.369995117
131.449996948
132.399993896
133.259994507
131.690002441
134.059997559
133.63999939
135.429992676
136.380004883
138.699996948
136.940002441
137.919998169
138.619995117
140.020004272
138.220001221
138.050003052
138.619995117
136.399993896
133.919998169
133.320007324
130.630004883
132.38999939
131.429992676
138.449996948
136.63999939
134.699996948
133.63999939
133.970001221
133.199996948
133.839996338
137.190002441
138.100006104
139.660003662
141.800003052
142.720001221
142.820007324
141.440002441
141.279998779
140.929992676
139.559997559
140.36000061
138.039993286
137.38999939
140.529998779
142.559997559
143.800003052
143.669998169
144.240005493
144.080001831
142.88999939
144.990005493
147.970001221
147.710006714
148.679992676
150.350006104
153.63999939
153.789993286
154.839996338
153.050003052
141.800003052
142.710006714
143.539993286
144.929992676
145.410003662
146.679992676
147.220001221
150.220001221
148.729995728
146.369995117
147.13999939
143.940002441
141.759994507
142.199996948
143.839996338
145.320007324
145.289993286
138.75
140.100006104
137.429992676
139.779998779
138.080001831
134.199996948
133.779998779
132.559997559
135.240005493
136.289993286
138.940002441
139.619995117
140.770004272
144.339996338
142.169998169
148.479995728
147.919998169
149.679992676
148.740005493
151.770004272
151.149993896
151.699996948
151.940002441
152.259994507
156.5
155.869995117
156.369995117
151.940002441
153.940002441
156.13999939
158.13999939
157.660003662
160.789993286
159.190002441
156.330001831
156
156.880004883
157.460006714
155.720001221
157.949996948
159.919998169
161.100006104
157.949996948
173.690002441
167.899993896
164.63999939
165.570007324
168.460006714
168.990005493
169.830001831
172.979995728
171.160003662
171.580001831
170.289993286
170.899993896
171.929992676
173.880004883
175.429992676
177.289993286
178.460006714
179.539993286
178
175.059997559
176.330001831
178.020004272
177.399993896
173.559997559
173.960006714
174.419998169
175.130004883
177.070007324
178.350006104
175.949996948
176.630004883
178.190002441
179.559997559
176.740005493
178.369995117
178.779998779
176.449996948
177.710006714
180.259994507
180.789993286
185.580001831
185.369995117
186.86000061
183.419998169
184.490005493
186.61000061
187.38999939
191.960006714
190.479995728
190.440002441
192.660003662
187.300003052
186.779998779
188.190002441
185.5
182.619995117
179.220001221
179.38999939
183.350006104
183.600006104
174.369995117
169.160003662
168.679992676
171.130004883
171.86000061
173.149993896
172.449996948
168.399993896
160.63999939
160.539993286
160.75
163.839996338
165.38999939
163.949996948
165.929992676
162.029998779
163.169998169
164.740005493
168.399993896
168.960006714
167.630004883
165.490005493
167.429992676
167.929992676
166.380004883
164.5
163.399993896
165.11000061
158.61000061
157.809997559
158.600006104
152.130004883
149.539993286
150.009994507
152.149993896
155.539993286
158.369995117
158.990005493
160.279998779
160.809997559
163.240005493
164.63999939
163.070007324
163.63999939
162.990005493
163.830001831
165.289993286
167.190002441
168.419998169
167.309997559
167.210006714
168.559997559
164.38999939
165.699996948
163.059997559
163.179992676
164.520004272
166.350006104
166.899993896
166.740005493
164.509994507
165.050003052
165.800003052
166.820007324
164.479995728
164.529998779
166.990005493
168.339996338
171.13999939
176.13999939
172.690002441
172.649993896
170.679992676
171.410003662
178.330001831
182.279998779
179.86000061
181.970001221
183.320007324
180.490005493
177.350006104
173.88999939
176.800003052
179.580001831
177.330001831
169.240005493
166.570007324
169.429992676
170.619995117
170.820007324
170.490005493
172.979995728
173.020004272
176.089996338
174.309997559
176.490005493
177.100006104
186.529998779
196.710006714
193.630004883
191.380004883
198.160003662
197.119995117
190.149993896
189.699996948
192.960006714
195.990005493
197.570007324
197.100006104
194.039993286
192.690002441
190.440002441
190.630004883
193.130004883
197.960006714
196.710006714
195.38999939
193.169998169
192.289993286
191.050003052
196.979995728
194.410003662
197.550003052
199.630004883
200.029998779
199.580001831
201.899993896
193.770004272
197.070007324
197.179992676
202.630004883
205.600006104
202.63999939
207.710006714
193.300003052
193.309997559
187.13999939
188.199996948
187.070007324
185.429992676
187.880004883
186.869995117
185.800003052
187.130004883
186.63999939
181.580001831
181.190002441
177.369995117
174.699996948
170.210006714
172.220001221
168.660003662
172.61000061
174.990005493
174.210006714
175.75
167.809997559
165.979995728
169
164.729995728
167.619995117
166.570007324
162.669998169
166.279998779
165.050003052
166.25
169.929992676
172.789993286
167.13999939
164.080001831
156.059997559
156.229995728
158.880004883
158.86000061
152.630004883
147.740005493
149.240005493
146.580001831
161.059997559
155.369995117
159.399993896
161.470001221
158.679992676
155.5
153.36000061
149.86000061
153.899993896
157.720001221
161.470001221
163.850006104
162.419998169
162.059997559
160.88999939
162.789993286
165.809997559
166.050003052
165.199996948
152.800003052
155.75
154.380004883
159.580001831
160.88999939
166.809997559
165.399993896
167.429992676
167.869995117
165.320007324
170.059997559
171.979995728
169.589996338
173.979995728
173.380004883
172.960006714
172.850006104
170.369995117
167.710006714
169.38999939
169.809997559
174.919998169
177.630004883
180.009994507
178.789993286
176.970001221
175.880004883
177.940002441
177.229995728
173.979995728
167.729995728
166.009994507
167.740005493
171.490005493
174.429992676
178.270004272
177.38999939
176.910003662
179.759994507
180.550003052
177.559997559
175.160003662
177.660003662
178.699996948
181.309997559
182.809997559
183.100006104
183.770004272
184.699996948
185.940002441
191.149993896
192.11000061
191.509994507
193.199996948
194.080001831
193.419998169
196.429992676
197.440002441
192.86000061
189.949996948
195.75
195.320007324
196.919998169
197.279998779
202.089996338
201.630004883
204.160003662
203.029998779
203.820007324
204.910003662
204.289993286
202.490005493
200.190002441
200.619995117
206.720001221
209.160003662
207.949996948
208.210006714
212.369995117
213.529998779
211.990005493
231.100006104
232.660003662
235.169998169
234.160003662
239.940002441
239.559997559
240.779998779
241.380004883
251.759994507
251.419998169
249.850006104
252.330001831
255.240005493
252.880004883
252.339996338
247.830001831
246.570007324
247.179992676
244.36000061
243.550003052
245.539993286
246.429992676
246.449996948
251.509994507
247.130004883
245.460006714
242.210006714
237.490005493
244.63999939
246.190002441
251.710006714
251.880004883
253.789993286
257.019989014
251.339996338
252.529998779
253.729995728
260.510009766
269.929992676
268.429992676
275.170013428
281.899993896
281.820007324
284.119995117
278.059997559
284.75
285.339996338
279.700012207
290.589996338
291.739990234
287.429992676
279.119995117
276.980010986
285.600006104
284.959991455
292.989990234
289.980010986
299.649993896
318.470001221
323.640014648
320.279998779
320.119995117
315.119995117
316.019989014
320.619995117
318.390014648
322.089996338
314.450012207
317.75
321
313.700012207
310.519989014
309.320007324
307.730010986
298.059997559
303.75
308.609985352
311.329986572
315.679992676
315.670013428
314.959991455
314.390014648
314.549987793
313.799987793
315.320007324
317.320007324
314.549987793
322.429992676
326.010009766
329.140014648
332.730010986
336.429992676
336.309997559
333.160003662
330.339996338
322.160003662
328.380004883
330.839996338
328.429992676
333.589996338
335
336.279998779
338.660003662
338.529998779
344.899993896
340.700012207
333.339996338
331.329986572
323.100006104
324.399993896
318.630004883
311.329986572
309.369995117
306.019989014
302.820007324
303.940002441
303.559997559
314.899993896
311.690002441
310.920013428
313.029998779
307.149993896
311.429992676
306.359985352
303.559997559
303.450012207
300.910003662
298.299987793
306.010009766
306.929992676
308.420013428
303.209991455
301.459991455
304.420013428
309.410003662
306.299987793
305.730010986
298.790008545
299.019989014
289.200012207
289.589996338
280.739990234
273.760009766
273.140014648
286.859985352
294.899993896
294.459991455
297.660003662
303.929992676
314.739990234
316.369995117
315.720001221
319.209991455
330.579986572
334.470001221
332.769989014
339.399993896
335.399993896
330.470001221
337.730010986
337.75
342.320007324
348.519989014
347.5
347.309997559
381.940002441
383.220001221
379.640014648
384.269989014
395.140014648
395.299987793
397.049987793
386.769989014
383.820007324
399.040008545
397.170013428
393.320007324
393.109985352
384.899993896
384.899993896
383.470001221
379.380004883
384.839996338
384.829986572
386.119995117
376.429992676
372.579986572
358.390014648
355.679992676
369.269989014
365.760009766
