5
7.1
36.9
10
4.27
5.63
6.194
8
0.2
6
5.6
1
5
16.5
10.8
7.2
8.7
-995
3.9
39
32.59
34.03
2.8
0.7
6.6
0
47
34.6
0
15
7
5
45
13
9
10.2
15
6.3
3.4
5
3
2.5
13
19.7
6.9
2
12
0
0
3.9
9.9
45.5
19
12.9
29.6
49.4
28.4
-999
28.2
10.6
241
279.1
76.7
73.4
7
3
0
4
4
-4
38.5
35.75
5.8
12.27
3
21.7
0.2
9
6.6
5.2
3.684
25
24.5
148.7
132
233
181
214.1
199.6
148.8
134.8
129.5
5.1
20
3
3.6
0
2.2
3
25.9
46.24
8
10
31
26
4.5
3
3
5.0700083565
11
4.3
2
5
0.2
5
-1.2
44.01
11
3
21
18
24
0
0
0
0
0
0
0
0
11
10
9.2
18
12.95
20
16.5
6
10
5
11
0
68
9
288
2
9
1.3
0
11
20.4
1
5.1
7
10
44
18
1
0
2.5
17
5.7
7
28
8
8
1
13
2.6
14
9.4
0
3
1
12
1
11
11
2
12
1
8
5
0
5
5
8.6
5
18
-1
0
0
5
3
24
4
-1
25.2
7.4
9.7
11.8
9
13
9.8
12.6
2.65
7.1
11
7
15
19
19.5
12
21.9
12.9
3
15.8
2
4.4
0
6.05
2.9
47
20.5
1.3
271
183
149
201
245
22
27
13
11.9
43.79
219.4
288
66
40.94
45.62
53
105
167
232
132.25
203
146.3
224
111.73
70
91
224.64
190.61
451
9.8
7
9
1
0
0.8
11
8.8
8
6
3
7.2
3
2.53
14.05
8.3
4
15.3
4.7
6.35
6.98
1.3
17.1
7.95
8.7
7.55
6.4
5.58
9
20
20
10.39
9.9
62
2.2
67
134
129
213
151
162
173
139
110
152
127
74
75
67
74
0
7
8.3
5.6
6.9394444444
4
43
6.7
3.3
16.5
51
0.6
-995
-995
128
152
15
2
10
12
8
12
-1
0
4
4
3
6
4
7
6
7
2
37
32
17
6
20
27
220
30
22
-3
12
22
1
27
16
14
5
13
5
13
13
13
22.36
9
17
11
19
8
14
3
6
3
4
17
19
31
-3
7
0
5
13
10
3
5
-2
10
-1
13
11.9
11
17.37
12
8
7
2
3.1
-1
0
40.84
2.2
5
7.4
56
19
19
10
5
12
6
10
0
8
169.69
5.3
88
23
23
46
7.1
4.8
39
3.9
6.4
4.6
96
65
4
0
3
34
8.13
8.1
15.5
2.2
8
19.2
-4
51.5
2.79
5
4.5
15.93
25
32
19.963
160
95
8
69
29
23.5
43
-3
5
61
36
137
217
48
162
81
167
121
181
29
39
3.1
6
8
7
15
0
104.2
11
8
7
5
7
16
3
10
6
11
9
10
9
15
14
18
4.6
7
3
5
15
1
0
5.6
2
2
12.2
10.9
3
2.7
18.1
8.1
23
1
19.93
6
10
4
24
4
4
6
0
2
5
29
28
-1
-1
26.74
6
8
11
11
9
18
8
7
11
16
7
0
0
19
22
28
30
31
5
0
6
6
45
46
2
2.1
31.2
40.3109
3
8.1
12
7.4
5
5
1
6
70
90
0
4.99031
17
-3
7
15
32
7
95.3
4
4
2
4
4
28
11
4.3
17
2.4
13
4
11
7
6
8
40.9
51
5
2
6
-3
16
16
-1
1
2
5
13.6
7
0.3
0
2
8
4
-4
5
5
2
9
3
13
2
10.6
5
8
5
7
2
24
12
21
-1
2
-2
-3
-3
2
2
11.4357
11.4357
5
66
35
67
2
82
0
11
23
7
31
20.99
30
43
46
20.1253
17.7941
11.5809
6.6
147.267
7.9
8.4
14
131.51
120.32
3.196193
77.68
36.67
32.51
10.48
119
10
2
1.3
128
33
31
43
21.3
1
5.8
3.1
15.1
137
121
10
-4
99
0
1
279
0
10
20
-4
-4
5
162
-4
17.1
10
14
36
10.2
-2
8.9
1
24
9
0
5.5
14
3.91
10
0
7.2
2
8
2
11.8
6
29.4
6.1
3.2
12.4
1
0.96
0.26
4.7
0
7.8
1
25
16.6
12.2
15
12.9
12
8
0
16
5.8
12
1.5
2
14
3.1
52
20
-1
0.9
6
-1
3.3
-3.7
0.3
15
4
-4
4.9
6
0
9
13.9
-4.2
1.9
7.1
3.8
-1
8
-4
-4
-2
41.2
6
4
36
-3
1
5
3
2
3
7.5
7
-2.1
4.5
3
-2
6.3
17
17
3
54
8.9
4
6
10
6
8
4
9
14
8
9
6
8
11
6
8
9
10
9
8
7
7
6
8
12
22
8
9
5
23
1
-9999
15.3
4.9
17.5
0
8.6
1.9
5.7
2
2
3
6
24
0
6
0
2
7
1.3
2
0
9
6
17
0
5
31
2.3
3
83
46
4
50
5.7
52
3.6
11.2
60
24
-2
-2
15
3.5
7
1
1
6
1.2
11
18
4
87
32
0
110
21
19
55
0
5.9259
0
20
12
12
0
0
0
8.3
32
0
14
38
31
17
339
8
61
45
181
0.88
14
7
3
2
0
5
29
5
3
7
3.841715
6
0.1
10.681
3
52
3.2
3.4
5
0
20.3
1
15.864407
63
4
0
0
-1
0
0.5
8.6
6
-4
3
26
12.5313
14.5
2.6
17.18
64.7675
36
13.7
24
46
77
63
15
25
21
26
43
13
22
29
72
35
14
13
74
7
7
27
37
42
35
14
133
40
50
30
28
25
50
17
22
38
18
58
45
31
40
32
19
14
24
23
89
36
20
79
32
36
117
40
56
27
32
29
99
29
38
11
49
62
24
13
40
112
66
54
26
26
57
74
35
35
40
10
22
37
78
14
66
36
36
22
16
51
74
15
11
62
94.4
46
21
62
27
35
33
31
58
22
46
56
66
16
12
25
2
25
27
25
19
61
49
48
29
20
58
38
21
77
28
91
36
78
50
19
35
7
63
30
48
43
13
34
17
12
37
26
45
67
42
22
38
20
46
64
38
33
50
42
30
79
207
39
21
19.0036
16.7
117.835
31
16.05
2.2
2.2
47.6
4
1.25
2.03
29.8
5.5
34
20.0081454
0
4
50.9
47.58657
46
65
2
0.2
40.6777
0
-2
4
0
3.7
-2
-1
5
1
4
14
20
-4
-4
-2
0.65
9
4
17.4
6.6
11
44
-999
-999
-999
-999
10
4.6
19
2.23
14
3
16
8
9
15
12
14
9
6
14
12
10
10
15
9
11
16
16
10
7
8
15
13
11
14
8
10
11
10
12
10
8
10
6
4
11
13
13
14
18
22
10
4
14
6
8
1
7
9
7
12
25
13
19
12
3
17
18
9
9
7
12
10
18
8
19
11
14
8
9
8
20
6
18
13
12
2
0
10
9.4
-4.2
14
33
0.3
2.5
5
10
26.7
11
3.1
7
18
16
12
-4
2.9
54
3.51
6
21.68
1
7
985
46
12
6
4.2
2.2
0
31
9
60
9
7
24
8.4
7
15
28
19
16
22
34
17
27
21
16
24
61
4
23
7
27
17
61
28
20
43
5
49
42
24
31
44
3
9
37
19
7
45
31
32
31
33
22
5
23
15
5
22
19
8
22
16
61
9
7
14
34
14
35
15
9
6
58
32
10
10
0
8
25
21
27
12
26
28
10
29
49
35
18
38
34
14
7
8
24
12
29
20
6
34
22
29
4
14
8
21
56
22
18
24
17
15
12
4
5
2
10
5
6
25
19
36
20
24
19
33
22
20
12
21
17
8
7
24
12
6
25
11
8
27
33
12
46
40
20
17
2
4
6
12
19
0
8
7
18
25
9
23
16
11
12
29
16
12
14
7
21
36
16
37
13
44
5
15
6
18
21
46
14
18
0
20
12
18
26
6
9
23
36
30
22
20
4
17
15
20
27
7
17
11
39
36
15
14
10
19
19
15
24
37
28
19
9
25
13
9
13
24
8
12
21
5
19
4
36
35
13
11
18
22
22
17
22
17
14
22
20
5
24
25
5
25
14
42
5
18
13
23
14
38
6
12
22
35
24
16
30
17
10
4
18
15
20
13
39
19
5
6
8
14
19
39
27
11
40
8
60
53
11
22
39
11
14
61
17
57
43
5
17
33
17
15
7
37
41
9
28
35
4
52
23
57
4
27
25
22
38
25
49
9
8
6
13
7
12
6
23
36
14
17
41
12
7
4
10
61
18
17
18
19
30
12
52
66
14
40
20
34
8
16
6
24
7
29
70
7
18
10
10
22
0
33
27
11
28
37
34
27
18
8
16
11
38
30
25
27
10
26
9
56
14
11
18
0
12
27
8
10
24
20
1
12
20
50
35
24
33
36
13
31
25
29
12
14
17
29
11
6
14
13
18
23
16
11
23
33
25
31
26
18
29
16
8
8
40
18
27
30
16
23
22
14
9
10
6
32
30
13
3
21
20
19
12
19
6
14
33
13
13
14
35
20
20
2
8
30
13
23
13
16
13
13
9
24
9
11
4
13
61
28
7
19
2
18
17
25
39
4
15
9
11
18
6
51
9
34
6
10
17
49
34
26
5
37
26
14
38
9
9
17
48
29
9
4
13
12
44
36
5
28
1
16
8
10
19
22
9
22
25
15
16
31
14
8
29
5
8
6
14
14
10
13
4
15
13
9
28
47
50
13
16
15
10
66
32
13
17
7
24
19
29
4
20
27
11
14
15
43
30
29
27
14
61
16
19
10
27
5
27
7
23
28
22
14
25
12
3
12
11
10
16
10
29
22
26
11
14
7
40
24
29
7
40
43
5
6
19
6
11
29
29
31
6
24
18
16
8
22
27
34
5
38
49
14
15
24
38
25
7
14
28
8
49
14
15
7
10
29
6
24
23
4
16
13
19
16
8
20
20
34
21
29
9
21
25
22
19
14
22
16
26
13
37
20
14
16
20
6
7
42
11
14
25
9
14
20
23
21
41
31
32
21
7
4
16
15
6
16
8
43
7
21
21
15
24
20
20
10
28
34
5
19
17
16
20
11
31
5
27
16
51
13
16
12
17
27
13
56
16
7
32
31
20
26
41
7
25
32
42
61
34
22
8
2
18
14
7
9
10
2
7
21
22
19
12
12
44
56
25
24
17
24
23
66
1
12
7
6
1
18
16
14
12
10
35
13
30
7
19
22
7
16
22
5
21
15
13
11
14
31
39
26
15
36
3
53
8
41
29
21
14
42
29
4
32
34
15
8
5
28
18
12
24
23
32
8
29
8
24
15
8
5
1
17
5
25
19
16
12
6
6
14
9
30
19
8
22
5
26
45
6
25
27
24
15
9
12
34
49
0
5
22
7
10
14
36
8
9
5
12
14
24
20
12
2
29
19
6
34
27
21
12
15
26
28
45
28
25
12
40
2
16
46
10
8
12
14
37
40
10
2
11
28
24
4
19
26
12
7
16
14
13
7
12
23
15
15
8
29
2
9
35
23
17
31
17
9
3
6
16
29
42
35
22
5
40
41
10
5
21
35
26
20
15
23
9
18
34
12
8
55
13
13
47
22
26
21
6
7
6
22
8
19
11
19
9
24
10
10
20
23
11
12
15
17
18
34
11
30
63
14
44
17
8
19
21
36
28
10
17
5
14
8
28
27
19
10
26
17
16
17
2
9
6
14
6
36
19
12
29
38
31
7
14
10
29
58
9
2
32
18
9
18
22
10
23
6
19
5
14
22
18
19
20
24
7
10
8
42
15
14
7
13
34
13
6
19
27
5
12
48
9
15
25
10
46
7
57
41
18
10
13
9
20
10
51
15
23
6
7
9
19
14
47
14
22
26
8
35
15
18
16
10
15
15
13
11
26
14
14
37
35
17
4
28
27
17
14
12
27
21
9
12
29
26
19
6
7
10
21
24
23
27
14
9
22
10
26
10
4
29
31
29
15
11
39
14
16
6
10
31
24
12
24
18
19
40
15
8
10
7
25
35
35
8
23
42
18
23
22
22
8
22
31
28
7
17
19
5
20
40
10
27
21
24
41
6
33
5
13
16
10
19
33
11
10
24
28
44
8
28
14
2
14
11
17
6
14
13
15
20
18
12
16
13
33
18
12
25
39
31
13
35
36
40
2
7
7
12
11
19
7
6
21
36
56
24
63
10
8
8
10
46
18
8
34
23
25
22
19
24
3
37
38
12
15
19
28
0
30
35
23
11
23
33
14
4
11
35
16
10
24
49
6
2
31
3
27
3
36
31
67
10
17
16
24
34
17
14
27
10
15
18
24
10
20
18
7
12
19
47
11
15
4
13
27
16
8
15
10
18
16
18
29
12
40
17
21
2
17
27
41
40
8
31
24
40
18
7
18
3
22
23
7
15
20
15
20
16
13
11
25
11
0
9
42
17
11
10
23
31
18
28
11
26
6
31
10
57
14
14
30
20
29
26
22
21
2
37
15
11
5
18
34
27
16
10
15
12
9
32
11
24
13
15
52
13
26
18
11
7
0
21
27
17
8
2
29
38
12
32
27
41
4
5
16
27
20
18
11
10
12
12
15
19
16
22
20
46
35
13
37
35
8
40
10
18
7
4
20
12
15
67
2
13
11
6
8
23
9
13
16
20
20
20
9
58
16
22
14
31
11
31
6
5
30
16
7
38
39
25
30
34
13
7
36
36
9
23
34
13
17
15
15
21
9
12
9
36
18
8
16
44
26
21
38
27
63
66
4
24
28
6
24
18
6
17
18
23
17
23
13
23
19
34
28
11
32
20
14
18
11
19
18
22
29
15
8
24
6
23
12
31
16
14
8
13
4
6
22
17
20
20
31
22
6
11
17
29
2
23
5
14
26
29
30
9
1
11
13
20
30
28
18
37
26
16
46
13
14
3
67
26
12
7
5
34
30
8
15
15
5
4
24
11
14
15
12
24
15
39
14
17
25
16
42
6
17
8
17
8
12
13
19
21
11
18
48
37
77
48
8
8
43
27
19
41
20
31
15
10
11
16
21
14
18
22
13
15
9
15
27
26
34
18
29
42
48
13
23
8
10
10
27
17
53
4
21
24
20
7
11
22
11
6
48
14
12
14
16
52
13
10
14
29
31
18
56
11
28
20
3
0
23
12
6
39
23
11
4
6
20
44
36
17
5
17
28
51
11
13
21
13
18
10
7
28
10
27
25
31
31
31
9
136
34.821
-999
34.5
32.6
34
9.243975
41
3.1
3.5
5
2.9
8
5.5
150.8
42.8
2
11
31
40.2
59.3
62.7
0
5.8
8.4
22.366
0
50
3
6.23123917845
9.37
6.5
10.803
20
1.2
6.7
11
-9999
-9999
3
-2
3.873
11.4
9.7
16.3
0
3.9
-2
10
9.8
6.9
4.8
4.9
4
4.8
3.5
8.8
7.3
11.8
6.5
5.9
1.5
6.3
10.1
12.5
9
4.613
26.8
6.4
8.8
10.1
2
83.38
29
0
0
0
0
0
0
0
0
-1111
-4
14.3
3.8
2
4.4
4.2
5.6
3.8
4.5
1.4
5.4
5
2.9
4.2
4.9
3.6
5
4.6
4.1
5.3
3.9
47.473
14.2
3.4
9
7
87
2
3.11471
19.429
38
37.34
6.5554129
119.15
16.2
2.6
45.8657
2
2.653
8.96902
9.01479
6.6
4.3
2.05028
8
2.1
2.1
17.7
6.3
45.3
2.1
2.1
68.6
78
36
18
995
13.6
17
233
9
2.6
12
5
0.5
3
20
18.1
12
3
14.2
5.3
17
5.2
9
9
2
0
9.13
23
-5
14
6
10
4
112
1.55
3.5
4
17
27.75379
22.96335
12.17272
38
17
29.07865
8.350164
16.93575
22
41.63066
14
25.68711
23
19
23
0
4
0.5
6
6
430
20
4.3
7
6
4
0
5
5
4
5
14.4
71.151
5.14
103
0.6
3.9
4.3
10.8
16.6
6.1
14.8
12
2.7
0.3
0.3
0.2
6.3
5.1
16
14
5.8
0.2
7.1
1.8
5.3
9.2
2.5
-2
3
0.2
6
12.6
8.1
6
4
0
0.2
14.3
13.4
13.1
0
11.7
16.7
11.5
19.4
13.8
19.9
1
9.5
12.7
11.5
-0.5
18.3
17.7
2.9
15.1
12.2
-1
12.8
8.6
0
7.8
1
6.9
9.8
1.7
0
9.5
11.5
10.8
10.5
4.4
2
13.6
11.6
1
7.1
8.1
9.6
1
8.1
7.6
9.3
11
16.45
11.3
8.4
12.5
9.2
0
11.5
16.3
0
13
7.5
0.2
2.3
11.8
8.9
-0.8
1.5
8.6
7.5
4
7.1
12
12.8
6.8
25.2
4.4
16
6.3
8
6.2
6.8
7
3.6
3.9
12
14
17.3
7
3.4
14.8
16
3.4
5
3.4
6
6
25
3
0.3
-1
8
21
4
2
8.5
8.7
2
4.6
18
17.5
8.3
17
4.8
5
5
15
5
4.7
10
17
4
4.6
3
7
1
6.2
6
4.8
6.5
12
13.7
8
2
3.4
6
7.7
0
5.9
3.4
4.9
7.3
8
2.772
16
14.2
3
7.1
4
11
7
24.5
1
6.1
8
3
-0.5
8
3.7
12.7
3.7
6.3
107.065
41.735
2.1
16.008
2.9
113.144
325.26
6.7
2
5
5
19
4.6
22.519
16
4
985
0
20
12.1
8
6
-11.973
-27.228
7.208
7.208
6.8
93.674
144
29.279
8
13
8.1
11
3
6.7
14
2
14
17
9
5.4
24.2
15.4
102.8
102.8
26.6
0.715
13
2.56
34.3
29.02
1.8
10
11
15.98
5
5
1.2
236.467
6.5
17.48
33.3
8
27.1
0
25.2
41.5
32.93
12
0
26.794
239.626
17.5
311
8.752
16
8.6
11.6
9.9
11.127
12.9
14
-3
0
12.6
0.494
5.43904
6
10.21
42.3
7
44.7
0
25
26
25
3.7
10
100
33
40
35
26
33
5
42
0
0.927
3.557
-1.9
-1.4
14
21
1
15.666
-1
1
1
1
1
1
1
1
1
1
12
12
11
6.3
12.2
4.54
16
4
5.21
0
0
-35.441
6.1
4.9
3.2
11
17
18
17
1.9
2.5
15
1.2
1.7
17
5.8
2.4
1.7
2.5
8
12.7
6.7
11
6
2.8
11
4
18
1.6
1.6
5.9
-1
80.568
27
2.5
2
11
6
4.5
4.8
0
5.1
14
11.2
16
20
54.8116
17
23.4191
6.42
10
39
6
14
3.9
7
5.1
6
36
41
36
37
38
14
5.6
15.4
4.5
5.8
21.3
16.4
1060
7.39
53
8.3
6.8
0
4.1
42
7
69.78
0
6.43
19.3
21.25
0
12
50
10
230
64.29
22.7
32.74
8
28
31.91
68
21.93
100.78
14.56
113
9.84
39.15
68.64
20.38
16.44
18.63
75.1
108
25.2
113
71.4
40
10.44
57
27.03
76
3.14
47.5
26.81
81
53.4
23.3
65
0
67.82
23
100.5
47.69
10
94.4
66
32.14
141.9
3.99
64.9
14.9
35
25.67
40
23
91
77
79.81
116
67.28
79.9
13
33.78
122
99.99
8
54.8
70.84
138.4
61.57
472.46
10
20
103.4
83.25
24.01
11
2
107.67
68
42.5
32
62.24
15.4
1
62.4
59
1
56.57
75
10
74
5
51
20
63
76.05
9
12.6
4
1
5.8
109
12.373
12.373
0.5
15.813
15.555
15.624
19.822
19.987
19.207
16.161
14.107
11.721
10.365
9.933
9.551
8.826
8.865
8.865
8.074
8.883
8.883
0
9.3
8.961
9.37
9.364
156
290
245
283
246
256
295
88.7
210
268
60
228
232
239
238
287
310
250
296
277
235
266
204
280
30.41
54
54.51
160
224.72
17.2
159.43
238.8
53.9
303.7
107
73
46.5
63
25.91
63.02
47.82
39
111.9
95.7
68.4
36.41
105
122
72
72.16
56.7
37
130
43.94
119.93
32
215
86.11
79
109.6
64
173
182
57
356
26.63
122.61
15.88
344
35
101
93
88.77
74.44
50.26
89.5
115.58
40.8
44
93.44
0
56.6
408
40
27.1
62
116.9
20.07
19.17
50.55
188
361
99.5
124.03
49.73
46.9
217
61.79
70.02
212.2
154.81
4.52
130.8
132.51
127
60
39
25
35.29
27
116.3
72.24
98.08
52.13
66
139.2
24.39
52.61
66
21.5
89.5
67
132.86
0
83
55.86
52
57
37
184
52.3
63.05
12.53
24.05
19.35
82
72.54
69
209
170
19.15
47.14
152.9
124
63.28
19.67
92
43.43
120
129
59
240
34
83
12.92
238.02
69
85.75
62.9
129.31
66
135.04
107.6
100.62
57
85
59.77
63
208.4
166
76.59
81
4
72
245
59.48
153.98
88
10.19
66
119.85
35.36
70
166
56.5
114
98.12
40.95
152
74.15
224
28.75
48
53
152
226
23.49
98.69
52
121.7
55
40.28
90.89
147.6
67.8
13.397
39.574
8.542
62
20.5
37.987
1.464
3.8
18.96
4.6
1
3.2
4.4
0
2.3
1.2
3
3.3
4.7
0.2
1
0
1.2
0.9
1.1
2.8
1.3
7.3
5.8
33.1
3.5
3.9
5
6.1
2.2
1.8
5.1
6.1
24.42
0.757
9.9
0
20
12.2
-1
8.4
8
54.9
18.053
-2.1
7
13.4192
28.6
9
14.557
3
-28.536
8.2
21
11.883
4.24604
9.46182
17.94
11
3.9
5.6
0
15
20.1895
10.476
1.4
10.1686
30.357546
6.94321
4.5
34.4
21.4
21.4
2
0.94147
-2.2
31
11.32
7
84
36
0
1.628
1
9
1.513
12
103
7.06022
10
18.04
45.23
66.29
351.45
2.789
-2.426
6.4
10.3
-15
12
7
21
8
0
7
2.9
20
-3.6
49
19
14.9
6
-1
6
3.2
51.3
2.9
5
997.71
0.253
1.756
36.844
5
21.012
46.206
2
3
0
0
3.869
2.358
2.934
0
0
0
2.245
2.228
26.7908322
14.933
21.8
14.3
0
7.66
24
4
20
1
20
5.7
5.8
14.68
10.86
11.07
21
10
11
9
8
23
16
7
33
22
12
11
7
13
13
13
26
20
8
4
26
26
21
25.303
15
18
25
18
8
6
17
2
8.954
10.9
7.4
4.4
5.8
2.4
1.9
1.5
0.9
9
35
12
4.8
0
40
20
31
4.5
5.7
11
3.448
8.5
19.63
21.632
27
2.2
2.2
41.051
12
1.749
0.039
0
0
10.358
1
0.5
16.027
11
13.1
68
0
10
-0.001
0
7.258
11.761
6
0
16.5
15.5
24.64
20.321
12.1
11.9
1.9
8
19
6.584
37.825
21.407
0
0
6
23
23
8.832
11.348
16.77
11.61
21.485
-9999
28
100
23
18
18
11
48.709
6
985
0
13.617
5
4.7
6
6
10.4
2
5.3
0
21.375
27.241
4.3
13.4
9.788
-999
-999
17.2
5.7
6
28.765
3
3
8
10
6
3
4
13
11
10
11
16
31
14
-9999
1.8
2.1
3.3
20
2.8
17.2
10.5
12
2.6
23.289
20.1
2.8
4
7.4
7.8
4
20
19
2.9
4
2.9
16.6
12
7
17.9
17.9
13.28
0
7.228
47
3.7
47
11.8
-2
12.2
24
3.6
32.8
6.105
16
25
27
8
2
13
6
7.374
34.742
15.2
12
8.4
11.1
13.1
9
9.6
12
11.5
12.2
10.9
7.5
6.4
9.439
9
11.491
19
3.4
28
1.17
7.2
81
8.5
19
4
4
3
5
4
2
6
20
26.702
36.229
20
21
0
4.98333333333
5.22833333333
26
30
23
21.2
14.6
46.94
12
5.366
6.9
24.976
1.33
7
6.804
11.4
5.59703333
5
0.2
10
7
15.226
0
-0.137
33.986
25.791
0.846
0
0
0.053
0
0.621
40.049
37.457
0
17.2
-64.79
6.669
12.3
1.581
0
11.8
8.8
5.7
6
4.5
8
3
6.7
16
4
9
6
13.4
13
2.8
1.8
6.2
8.4
12
17.2
0
10.2
5
10.3
4.9
4.1
7.6
4.5
6
4.9
1
9
19
4.8
19.9
14.2
10
7.5
2
7
7.4
11.2
10.4
9
11
8.5
10.1
6.8
8.2
11.5
13.5
12
27
12.8
6.4
13
22.6
6.5
17.7
7
4
6
7.1
7
20.9
12.4
28.9
4.9
2.7
2.8
6
3
2.9
0
12
2.7
12.4
7
5.217
13
7.557
12.4
13
4.2
17.1
18.4
14.6
8.2
2.2
1.88
30.3
9.5
11.1
16.4
6.5
14.9
13.1
12
10.4
10.717
6.3
23.6
11.6
11.3
0
11
4
4
4
14.8
6.8
0.076
13
8.2
6.5
5
4.9
7
13.2
7.943
40
5.1
10.1
3.4
6.6
9.7
4.781
5
2.3
5.3
4
5
0.1
2
4
15.7
8.1
7
8
9.8
2.4
7.7
8
6
0
1.9
5
1.8
17.6
88.95
38
10.3
7.6
8.4
32.782
7.6
8
11.4
10.1
12.506
14.7
14.9
12.1
18
8.5
6
8.5
24
10.6
10.5
13.9
10.4
21.819
16.6
11
2.7
5
10
37.4
12
9
7.7
6.3
12
13.4
10
11.8
9.5
6.091
22.8
12.2
7.1
6
9.7
11
23.759
10.7
6.3
14.7
3.9
2.333
8.4
5
7.1
2.4
2.6
8.2
27.4
4.7
7.8
12
10.6
11.7
5
16.3
3.618
3
33.4
3
11.3
9.8
8.9
13.2
11
12.4
9.1
5.326
15.914
0
7.519
34
56.726
8.489
0.28
19
8.256
0
3
4.1
15.6
1
-2
7
25.1
11.6
1.9
6.6
6
5.9
3.7
7.8
9
6.6
2.7
9.3
9.9
10.4
12.1
5.2
3.6
17.2
8
3.3
18
0
7.3
2.9
2.5
9.8
6.6
124.957
10
9.1
10.1
12.8
3
8.8
15
23.4
9.6
17
4.9
6
7.3
21.9
3
5
2
5
5
5
6.7
5
6.4
5.1
11.4
12.902
4.707
1.998
19
13.2
4.8
9
5.8
5.2
1
3
20
2.9
-2
7.6
13.6
0
19.2
13.8
6
8.6
19.1
2.8
2
3.9
5
8.2
3
2
7
3
4
4.31333333333
20.1
4.7
10.9
4.8
37
2.8
6
12.8
5.6
1.9
3.4
4.6
1.8
10.8
12.4
4.2
5
19.3
0
3.2
9.8
6
5
9.6
10
28.6
11.3
14
6.4
6.5
1
6.5
1.7
5.8
8
4
2
10.6
5
7
9
4
-0.1
5.3
3.9
3.9
11.4
6
1
4
6.7
3.8
4.8
13
10.3
3
5.5
1
8.6
4
6
12.3
7.7
3
0.8
3.01166666667
0
1.432
17.382
8.5
7.1
6
0
1.5
2
7.3
1
12
3.9
7.3
18.3
19.6
5.5
14.6
10.3
-1
1
20
5.1
1
9
3.9
4.9
5.2
5.3
11
7.2
3.2
5
8
2.7
9.2
5.1
0
6
4
6
4.9
2
15
6.6
2.8
8
7.5
0
6
1
8
3
2.7
6
10.6
3.5
8.8
3.8
7.1
11.7
22.996
8.305
8
-0.2
-0.4
2.3
4
11.4
5
16
9.3
7.4
7.7
9.5
10.4
5.5
8
11
4.3
-2.2
6
9.4
4
3
9
11.8
6
7.3
11
5.3
4.7
10.2
5
5
4.7
6.1
2.9
-1
5
5.1
1
5.1
9.8
6
2.8
5.3
7
6.2
3.5
17.6
10.6
10
9.1
6.3
3.4
14.3
4
3
6
5
13.8
4.3
10.8
6
3.1
10.6
2
4.7
15.7
11.4
0
2.7
5
3
2.8
2.5
4.3
21.6
14
5.4
-4.9
6.5
1
3.4
13.5
5
6.8
17
12.7
7.2
11.2
1.5
3.4
0
7.6
0.3
-1
6.2
2.7
6.1
4
8.9
11.2
6
5.1
3.9
2.8
4.8
-2
21
18
5
6.1
2
4
4
11.7
7
9
4.9
5.5
10
3
9.6
13.8
7.9
2.4
6.5
3
13
77
15.1
2.3
-0.2
9.2
3.4
4.7
6
5.8
1.2
2.7
1
1
13.595
22.5
4.8
27.9
6.1
0
10.4
4.5
7.8
3
15.1
14.2
10.2
13.7
5
8.6
1.5
5
8.4
0
4.2
9
15
8.8
14.3
11.9
18.6
12
4.9
16.4
12.4
5
20.6
4
7.2
8.5
4.7
4.3
4
5
6.3
2
4
3
0
4
8
13.8
5
4.4
3.9
5
8
4.3
15.5
2.7
29.3
7.862
17.368
4
13.2
6
11
-4
7.7
2.9
4.2
7.8
2
3.5
4
8
4.1
3
5.5
2.5
4.1
2.7
2.7
10.5
4.4
11.2
8.5
9
5
12.342
15.877
16
4.5
11.1
3.4
2
7.9
9.1
2.9
12.9
5.4
9.1
4
7
6.3
5
14.4
5.4
6
4.4
7.5
4.6
8
4
1
7.4
7.4
5
0
6.3
5
13.4
6
3
16.5
8
8.6
-2
5
5
0
6.8
4.1
5
3.1
1
7.3
4.1
6.4
11.2
6.9
1
14
2.7
2.6
4.5
13
18
5.6
6.5
-3.1
17.7
1.948
0
13.855
7.254
12.193
10
3.9
0
7.2
2.5
12.9
6
4.6
4
6.5
2
4.8
11.4
1.1
7.6
1.5
4.4
11.3
6.2
5
3.9
6.7
14.2
13.9
-2
5.3
20.1
6
2.3
19.1
11.7
8.2
4
5.3
8.2
4.2
4.5
18
10
6.7
7.1
12.8
9.3
3.6
2
4.2
9.7
6.9
11.1
7.8
4.5
9
7
5.9
6
5
2.9
4
2
3.4
2.2
6
1.6
5.7
9
13
3.2
7.2
6.6
4
8.9
5.2
4.7
0
13.1
12.7
2
5.5
1.4
15
3
8
6
1
3
2.3
5.2
9.9
2
-1.5
8
11.089
6.2
-3.3
28.3
6.6
4
6
4.2
9.6
10.7
8.1
6.1
10.4
6.5
8.8
7.5
8.2
8.4
5
3
11.3
8.7
-1
6.4
3
3.2
3
9
23
11.9
11
28.2
6.1
23.7
13
4.4
20.1
5.9
7.477
4.8
15.9
6.7
3
4
7.4
5.6
0
6
8.8
2.2
4.8
10
11.3
2.1
-2
4.1
3
2
-1
8.9
2.3
4
7
16.402
7.283
10.9
3
24.1
8.1
5
6.2
6.9
5.2
2.4
4.4
10.5
4
5
6
9
6.2
5.6
9.7
9.8
2
10.9
4
1
11.1
23
8.5
5.3
7.5
7
14.2
11.9
3.2
6.6
4.5
13.4
8.7
3.8
20.6
6.4
3
5
5.8
8
1
4.2
2.6
-0.1
1.2
4.6
3.8
5.5
3.6
7
6.3
17
3
13.5
5.3
2
5
4.1
2.4
10.1
7.9
4.7
3.6
6
6
5.4
3.9
3.1
5.3
14
7.1
12
1
6
12.648
4
1.5
5.4
15.4
16
6.7
5
7.5
8.8
9.1
7.2
17
3.3
18.5
9.4
3.3
13.5
5.9
10.6
3
4.1
4
13.7
7
7.2
4
3.7
1.9
5.4
11.2
5.7
8
7.2
5.3
7.7
6.3
4
0.9
9.2
6
14.9
7
9
10.9
4
5.7
15.9
3.5
8
3.1
2.9
7.7
18.682
6.2
5.2
3
5
8
8
8.5
4.3
4
0.9
-0.4
9.8
3.2
12.4
2.3
8
3
2.9
5.8
2
11.7
13
4
5
25.7
3
14.9
2.2
2.7
9.2
6.2
2
1.8
27
0.9
8
8.6
18
9.7
11.7
7
11.7
11
2.6
8.8
9.1
18.8
6.8
5.4
10.6
5.5
20
2.6
7.3
2.9
4.9
6.9
0
5
7.1
13.4
5
11
23.4
4.5
-999
5.125
6.117
8.898
1.796
14.403
19.55
-999
15.997
26.507
14
14
10.245
18.646
12.656
28.084
4.612
22.509
16.89
17.459
14.847
4.33
4.432
-999
9.775
14.027
22.88
75.352
29.192
16.523
9.632
19.497
14.729
19.628
10.819
18.203
14.293
29.106
15.024
3.32
13.999
16.185
13.24
14.75
8.706
5.28
18.857
10.211
24.094
13.835
15.976
26.064
7.396
24.852
19.121
17.547
17.524
20.658
15.404
11.082
1.549
3.547
14.265
10
14.926
18.557
24.072
22.199
8
7.844
14.145
23.419
20.226
9.719
5.105
16.824
9.808
3.492
19.369
18.43
6.041
12.612
13.028
7.166
28.336
35.147
21.113
19.437
26.401
19.345
10.171
14.035
11.872
4.818
23.353
15.852
14.049
7.297
1.934
18
16.481
53.834
15.721
20.577
39.403
36
10
18.524
13.987
3.015
6.941
7.325
19.1
19.899
-999
10
20.822
15.994
11.461
5.41
11.797
14.995
20.143
30.057
15.774
13.392
16.678
23.007
8.959
43.01
4.994
4.557
17.449
12.782
13.963
36.17
14.967
14.18
-999
17
19
26.9
3
13.4
19.6
15.6
90.2
9.4
16.8
11.7
12.5
10.4
21.5
1.5
62.745
8
4
6
4
10.9
7.6
5.191
3.806
27
39
47
23
24
3
24
24
26
42
12
9
13
9
34
47
18
36
25
36
13
24
1
5
7.6
10.1
20.4659859794
8
5
5
7
4
4
3.4
6.14999961
4.80000019
3.9499998
5.85000038
9
3
5.197781
3.4
11.1708335082
1.62797619899
17.5833330154
10.996
25
26.5416665077
-9999
24
27
0.137500001738
0
26.5909090909
2.38749997814
3
8.93
29
10
11
6
5
12
27.766
13.7
22.8499984741
3.04974985
7.79166666667
21.8874998093
35
0.954166660706
17.5124998887
9.96250001589
9.7
18
5.62797617912
10
12
22.323
11.5
4.59999990463
13
6.65178577105
5.63000011444
4.2
4.58749995629
28.1388889949
18
8
5.8
15
13.25
6.4499998
19
23
13.6
34.0277779897
15
17.2
6.9
87.3511899312
40.5505949656
1.94047621886
8.5
18.8984
6.92933
8.01206
18
0.9
11.4
22
12.1604
7.78544998
3.5
26
15
39.45
41.34
0
7.09588
1.5586
7.55125
12.746202
2
13.7024
9.87
17.1
25.2
27
-1.24014
4.4
4
12.22
4
1.6
2.18544
13.5
13.93
15.17
10.8
12.22
5
12.2
12.9
6.9
8.1
6.4
9.1
10.2
3.8
9.6
19.4
3.6
15.3
5.3
13.2
7.4
21.4
13.3
13.1
11.6
8.1
16.9
11.3
3.3
11.1
13.4
10.2
5.4
10.6
15.3
7.7
11.2
12.2
11.5
11.8
15.7
6
11.5
12.1
9.8
19.77
23.70000076
27.64999961
11
20
11.65000057
28.89999961
13
10
22.42
12.30000019
12.71
12
18.82999992
22.6230011
13
27.83925056
14.22
13
10
11.737
8
12
12.79398632
14
37
12
13
10
11
9
14.52
7
10.047
6.83879995
16
9
9
17
16
11
11
15
9.3
37
13
10
9
44.60255051
41.09009933
9.062
8.18
12
21
9
14
16
25
11.759
9.3
43.74649811
12
20
35.96561432
27.6855011
22.13498688
12.29
13
12
35.43714905
94.208
19
48.70244444
10
9.75
5.862257
18
12.25
12.4
11
7.23876391
11
17
14
11.8
18
2
23.47216666
9
15
63.97111111
25.76
9.67868954
0
0
1.49005417
7.67978461
8
17
11.45
52.31
9.09
19
11.75
5.9
6.2
2.7
14
16
15
27.2724
12
19.2916665872
13.9753967921
3.7
13.7
10.6
38
35.8407732646
17
3
44.3395670111
8.075838
64.1
5.5
16.1
14
0.1
8.56497
2.7
43.3
3.64732140303
22.9
6.985744
29.6
19.04999923
2.9
5.2
0
36.6
3.4
17.4
4.1
5.7
5.1
9
2.4
2.9
2.4
12.2
7.5
3.4
10.8
3.4
10.3
38.236
22.2
41
36
41
19.62884903
6.07340002
7.14999961
10.10449981
17.76000022
12.39949989
5.39999961
10.7159996
8.75
14.35999965
12.95000076
10.7414999
5.14999961
2.13499999
16.4394989
9.18939971
10.3760004
5.25
8
34.6
12.2
18.0982143084
8
25.86
26.79
10.7
25.47
7
1.11309524626
6.2
8.4
9
8
5
22.2
5
7.84
16.5
9
5
62.1
14.8
7.9
12.9
-3.9
47.7
24.4
15
34.875
10
7
1
10.46867
19
2
23.6
57
25.7
0.754362
18
19
21
13
26
17
23
19
21
28
29
30
14
11
26
13
13
24
47.6645832062
13
8
9999
1.42
34
47
16
73
2
4.3
4.3264880379
84
21.896
44
-1
34
34
22.9
6
12
34.5
-1
-1
60
31.2
0.74166666468
62.2
30.187944
-1
9.3
7.2
-9999
19
-9999
-9999
-1
4
24.23
-1
-1
-1
-1
-1
5.175299
6
13.61
15.1
16.6
6.9
7
8.1
15
9.2
11.6
14.1
7.4
5.2
7.8
34
14.9
8.8
14
10.6
10.3
6
4.6
10
11.6
2.3
11.5
16.1
12.6
124.7
-1
17.5
20.8
9.1
0
8.5
24
49.1522553
99.5
12.9
14.1
3.9
16
15.7399396
14.1
0
7
13.6
31.7
20
19
15
20
14
14
18
23
18
19
19
16
14.5
20.8
18
2.8262
10
-4
10
27.3
9.67177777778
13.3
6.97172617912
11.2
10.8
13
2.3325
0
6.73631
8.96527779102
10.1
33
4
1.7
0.2702
8.5
22.3
15.6
21.3
8.3
7.2
3.72417
11.7
15
7.5
8.3
11.3
16
11
15.2
8.79166666667
8.9
16.7
15.3
18.9
8.4
16.8263887564
7.375
19.7
13.6
10.6
8.7
16.5
9.5
8.8
12.6
12.3213528792
11.2
9.8
10.6
5.4
22.8
10.7
12.7
9.2
9.1
13.7
7.8
11.9
9.02083341281
10.7
12.5
15.3
14
20.1
8.8
9.5
6.8
14.5
13.5
10.4
7.7
9.16666666667
7.9
15.2
16.5
14.1
15.6
13.1
8.8
13.4
11.1
18
12.7
12.8
10.1
7.9
16.9
12.1
10.9583333333
7.9
9.7
1.91666666667
12.1
12.3
14.9
14.1
9.4
13.2013889154
8.8
13.4
3.51488095522
14.9096725782
10.375
9.8
12.4
11.7
10.9165178935
9.2
12.1
9.2
8.32638891538
8.5
11.2
11.7
3.41666666667
14.1
9.79166666667
10.9
13.3
11.2
15.1
15.3
9.5
3.61160711447
12.4
15.2
13.6656250159
11.8
12.3
18.1
10.9
8.6
9
10
9.3
9
4
11.3
8.7
23
14
13.6
0.166666666667
12
7.1840698719
8.5
9.7
0.833333333333
13.9
2.45833333333
15.4
9.09179759026
16.3
8.9
14.8
13.6
11.3611110846
16
9.3
14.6
7.6
4.5
15.9
48.976
15.6070689655
-9999
4.99
20
110
27
14
28
10
15
39
17
12
14
12
26
19
37
15
6
18
32
14
13
16
30
9999
28
25
21
8
17
13
17
26
16
7
12
9999
8
23
9999
10
22
16
9
11
5
13
20
17
11.708625
39
5
62
14
-999
5
10.0622919401
16
5.7813
6.611391
6.024168
6.88
4.379058
3.69
3.06
8.3
3.53
11.9
6.143436
6.270716
3.570377
2.61
4.34
3.802
11.3165
9.90916666667
14.235
7.338
6.23216666667
9.85
9.70716666667
8.1995
8.2097
4.15383333333
4.25433333333
1.6595
2.973
2.1635
2.650179
5.09458
2.485
2.62475
1.77167
2.81432
1.96426
2.1387
3.2023
3
2.05222
3.18453
3
14.412
22.463
6.5345
2.76056
2.34167
5
15
11.916
9.8874
2.40325
1.789
9.92
15.35
11.158
7.8799
17.508
7.9939
13.07267
12
13.63
5.0141
2.39629
2.298
5.8047
13.074
23.5445
9.3148
11.66
6.1702
10.408
16.779
8.3833
9
11.52
12.956
7.9054
11.2
8
11
10.161
2.597
12.03
3.31395
2.829
10.283
2.93275
5.05
2.16222
10.9
8.4431
3.38189
8.9711
10.175
14.875
2.45222
1.849629
28.205
20.921
18.80707
7.983
5.24
2.10625
10.445
7.3029
10.302
8.054
11.7
16.607
9.0264
16.109
9.13
13.55617
6.05056
9.53
9.1735
12.003
6.22475
10.934
8.8887
13.58
5.90317
14.5225
12.9
10.28
11.405
14.877
1.990929
1.857
12.3
16.81283
6.47233333333
2.5605
3.4
11.48
8.8529
3.14944
10.2
7.8602
10.81683
14.839
3.3
8.98
11.03
12.298
5.1589
10.1788333333
15.4308333333
12.8078333333
9.314
22.577
15.2431666667
2.8
9.23783333333
7.92083333333
2.2
5.536
8.84283333333
6.854
11.6998333333
5.75157894737
4.6035
6.04933333333
2.9
9.15133333333
11.1505
3
16.5433928571
11.0855
18.195
7.92070175439
11.9226666667
5.917
9.65866666667
5.80034482759
4.99033333333
2.6
16.0321666667
4.86616666667
1.7
2.2
5.41966666667
3.169
5.1
6
11
16
62.0104166667
37
13
7.45
5
7.4
-1111
16
4.85
2.08333333333
7
9.33333301544
584.950012207
9.77
14.97
9.8
10.93
12.22
12.06
6
6
13.87
3
6
0.32
8
3.61184
10.4662
23
33.0517
10.4576
16
17.7611
28
19.9083
16.0606
21
9.53404
13.0505
16.8829
22.4162
16.7835
12
6.441533
9.2
10.7663994
7.049844
-1
7.42078194444
9.933816
7.3578
14.4713774
10.8308611
5.437622
10.0736113
-1
5.369577
7.260022
8.301549
9.317775
13.3769159
14.7983332
16.93944
-1
12
5
11
9
0
6
5
14
13
25.7248511873
5
9999
6
9
5
8
10
8
9
8
7
10
24
11
13
10
14
6
5
3
1
4
3
0
14
5
2
4
1
1
1
4
15
6
0
9
14
0
6
8
3
5
5
5
2
1
0
6
5
2
1
4
3
0
2
1
7
5
3
3
9
8
3
1
4
3
1
4
3
3
5
5
4
6
3
7
8
5
3
2
3
4
1
2
3
6
4
3
5
4
4
1
4
2
3
3
6
8
7
7
4
5
6
3
1
5
4
2
5
3
3
6
3
1
3
1
5
5
4
3
5
4
12
10
6
3
6
2
2
9
4
1
2
4
1
4
4
10
4
10
2
3
1
3
4
5
5
5
3
5
5
0
3
4
4
4
5
4
4
4
5
3
5
4
2
5
6
1
2
5
18
8
5
3
5
3
4
6
3
5
9
4
4
4
4
2
3
6
4
5
3
3
4
7
6
3
1
3
3
2
0
6
9
2
3
3
4
2
3
2
5
5
2
4
4
3
5
3
5
2
6
3
2
15
1
5
6
1
2
3
4
2
4
7
5
2
2
7
1
6
3
1
3
3
3
3
4
3
6
6
2
6
5
2
6
4
5
2
5
2
6
6
3
6
3
6
5
5
3
4
4
0
5
2
3
7
6
4
5
1
6
6
4
3
0
7
1
4
2
2
3
3
6
0
3
4
4
4
3
7
1
6
5
6
6
3
2
3
2
2
13
3
3
3
5
7
3
6
6
3
7
4
2
7
5
7
6
5
3
4
3
0
6
5
5
3
3
4
3
5
9
5
3
5
4
5
3
5
4
5
5
2
3
1
6
4
6
7
2
3
6
6
9
2
3
3
6
2
3
3
4
3
2
3
4
2
3
3
3
12
2
3
5
5
4
4
6
1
3
0
6
4
6
3
2
6
4
9
4
6
4
3
4
5
5
5
4
4
0
7
4
4
13
3
1
5
5
3
7
1
7
2
5
5
4
5
2
4
4
3
3
2
4
3
11
6
2
3
4
6
6
0
5
6
0
6
4
18
2
6
4
2
11
2
3
5
12
2
2
7
5
4
5
1
2
4
4
4
7
4
2
4
5
5
2
7
9
4
5
2
1
3
4
4
1
5
2
4
5
4
5
5
5
4
5
2
0
3
4
8
2
8
6
9
1
4
4
7
4
0
5
2
3
5
9
3
4
7
3
7
4
6
5
4
3
2
8
4
8
1
4
11
9
5
1
3
4
3
4
4
1
8
2
3
4
4
1
4
5
3
3
2
3
3
2
10
4
4
6
4
4
2
4
4
8
6
6
4
3
1
7
6
6
6
3
0
2
4
1
8
1
0
6
3
2
4
3
4
3
2
2
3
2
4
6
4
2
4
5
2
3
8
10
11
0
7
4
1
2
5
6
5
2
5
2
4
2
8
4
2
4
6
6
2
4
34
5
0
6
5
5
1
4
4
6
9
4
2
5
4
5
5
4
6
4
8
3
4
6
3
1
4
0
4
5
0
7
2
5
3
5
2
3
1
6
0
2
7
0
7
1
3
1
4
6
5
7
4
5
2
5
0
3
4
5
5
0
7
6
3
6
1
5
9
3
1
6
6
5
5
6
4
8
9
4
7
3
6
4
1
4
5
1
4
12
6
6
4
4
3
7
1
2
4
4
6
3
13
6
2
10
2
0
3
2
10
6
4
7
6
6
3
3
1
7
4
4
3
7
2
5
6
1
5
2
1
4
3
4
4
6
2
7
4
5
4
5
6
8
6
2
4
9
2
7
5
4
6
2
4
4
9
4
7
5
8
5
5
2
2
4
4
6
4
6
5
4
6
5
3
6
7
7
6
13
4
6
3
8
5
3
3
6
4
4
4
4
5
5
1
3
2
0
2
3
6
0
5
4
2
8
8
6
3
2
2
5
4
1
7
4
3
3
5
4
4
4
10
7
4
6
0
7
4
5
4
3
2
3
5
5
5
0
4
4
10
4
10
9
1
6
2
5
5
6
3
4
2
1
6
6
2
1
9
21
6
2
4
5
5
5
9
7
0
2
2
4
4
6
4
6
7
1
1
6
3
6
3
2
3
4
5
4
2
4
3
7
2
4
7
7
5
3
4
5
6
6
1
3
5
5
2
6
3
6
3
3
6
5
2
5
4
3
3
6
1
5
6
3
4
3
4
1
3
3
1
3
5
4
7
4
3
2
2
3
1
7
6
4
7
3
6
1
4
3
6
6
4
2
1
1
1
13
3
21
4
5
3
5
4
2
2
5
5
6
3
15
9
6
3
2
6
4
7
5
2
4
4
3
3
3
6
5
5
1
0
2
3
3
5
2
3
3
4
4
5
1
6
4
4
2
5
3
1
4
4
2
6
3
3
2
5
15
3
2
6
3
2
2
5
2
7
3
7
6
5
0
6
2
3
0
1
3
3
4
5
5
3
0
2
10
7
3
7
7
13
23.8526786168
7.1673
11
12
10
0.900001
15.5181818225
11
1.97
2.21
1.5793154935
106.8
5
-999
5.27000002066
1.5
9999
4.379
7.6692
9
10
16
2.34588376788
9
3
0.9
16.1662916667
3
4.6
10
6
6
6
8
8
7
7
8
7
5
7
8
6
8
7
5
11
8
6
7
9
7
8
7
9
9
6
7
9
6
11
8
8
8
6
6
15
9
4
7
9
6
10
9
9
6
13
5
5
4
6
9
7
7
6
7
11
10
9
6
6
7
8
7
7
10
9
7
7
19.908497
9
29
5.0705
2.875
1.6
41
9
20
12
11.7
29.2770667426
14.0474077441
36
6
1
9
7.6
-1
4.434
2.264
14.5744048754
969.49
56.6897878788
5
10
21
9.1
44.18
11.5
-1
-1
-1
-1
2.7
3.7
18.6
-1
-1
-1
8.4
27.2
-1
0.8
-1
4.1
-1
13.8
-1
3.3
-1
15.2
-1
-1
-1
-1
8
36.221
18
4
10
4
13.7608638975
1349.3
6.6
6
7.1
11.7
10.2
-1
14
25
12.25
21.62
21.62
18.6
23.97
18.8
15.81
0
36
3.9
11
-1
-1
12.6
18.7
1.87053572138
-1
11.2729217833
3.83487103383
-9999
36.2
40
7.4
35.6
0
13.7
21.7
25.02
1.8
9.4
7.3
10
24.79
3.3
55.23
8
2.25266668697
4.5
14.5
-9999
-1
7.7
12
4.9
6.3
10.7
6.8
8.1
8.8
7
6.5
-9999
6.1
7.5
15.7
2.7
9.2
3.3
6.1
16
10.6
28.2
14.6
0
7.7
14.1
4.4
13.2
17.4
0
1.09
2.97
2.53
5.22
2.99
5.41
8.97
7.36
3.05
5.96
5.26
2.97
9.08
1.35
9.58
6.84
2.99
2.82
6.53
6.29
6.92
2.3
3.06
3
2.96
7.1
3.86
4.11
6.3
6
8
5
4
31
7
17
9
9
11
13
13
11
10
10
15
17
8
9
16
8
11
20
8
13
8
13
30
30
15.7
20.5
8
8
11.47
8
9
8
18.4
9.1
11.9
18.7
23.1
30.8
15.9
9
8
14
8
19.1
9.13
8
19.3
14.7
2.5
17.3
8
7
28.87
4.3
11.2332
25.7038
3.4188
1.7094
15.369
11.8
11
1.870782
1.8
238
-1
-1
12.4
3
11.06
-1
12.6
19.2
29.6
21.99
16
16.9
-1
12.9
18.5
2.1
16.9
17.2910328
16
6.4
42.15
-1
-1
64
8.1
9.3
6.8
34
23.64
22
7.81
20.42
14.1
10.01221
9.4
5.9
6.6
30.9
66
-1
0.97
6.8
38
20.8
25.79
14.8
21
8.6
23
33
6
19.9534874
2.5
34.39
1.61
-1
22.3
42
11.7867317
29
0
24.8333333333
11
0.214136911556
0.127083335072
23.5431675911
39.4970239003
4.19196428855
35.5975001653
17.4866069953
1
13.7202379704
13.7916666667
1
30.7986664772
17.7648809354
5.65277779102
5.75
3.32142855724
40.7080357869
42.9371668498
29.8710924784
44.4104166031
44.0382442474
10.3672083219
29.3645833333
0
2.7395833532
7.15327378114
41.150086085
14.0104166667
74.985118866
263.591456095
35.6723333995
68.4166676203
4.80106449127
38.2827383677
3.55824081103
32.883708477
65.2
6.85
9
84
18
37
15.5
34.8972083333
25.8205416667
44
2
12.5
15
27
14.7
22.4
3.8
3
4.15491
8.47309722222
4.3
17.391
13.9
48.8
23
5.8
10.9
3.7
1.604
1
18.9181918515
0
2.9
5.8
24
4.5
1.8
4.48
22
8
32
19.3026944444
53.536
2.6
31.21
24.5743965517
55
76.21
57.39
36.81
17
77.71
45
26
1.7
64.22
11.039
55.1
72.2
42
50
1.2
57.57
31.84
64.11
4.3
1
11.36
50
2
5
11
14
16
8
19
16
14
22
1
30
17
8
10
23
9999
18
14
9999
5
14
10
13
14
21
18
21
8
10
9999
16
9999
16
10
8
9
17
16
10
10
8
11
20
6
14
9999
8
7
15
23
12
25
9
22
17
9999
20
8
12
21
17
17
5
6
10
18
25
10
16
13
6
9999
20
10
23
16
15
5
4
8
20
9999
10
16
9999
10
9999
19
14
14
17
11
10
4
3
20
6
-999
15
8
20
15
9999
23
28
15
7
10
6
13
6
9999
24
20
14
12
10
19
13
14
15
9999
23
6
15
9
4
7
6
20
12
8
13
12
12
9
7
19
16
3
9
5
9
15
8
15
9999
9999
24
16
10
16
9999
8
9999
8
8
5
11
12
5
14
9
10
22
12
3
6
12
12
20
9999
14
16
20
16
22
8
20
19
14
21
9999
10
9
9
9999
13
15
9
22
8
7
16
6
10
11
9
17
21
9
11
8
14
17
18
9
19
16
9
18
16
23
11
8
10
11
20
10
10
9999
9999
16
21
7
9
12
6
17
22
22
6
10
12
13
16
10
24
12
11
23
9999
12
6
10
9
17
3
6
11
8
7
12
5
11
14
12
15
12
12
18
12
7
15
9999
18
50
6
11
6
18
17
5
7
5
14
17
14
13
15
8
16
7
10
18
2
3
5
23
6
8
12
7
20
11
5
16
9
17
4
11
11
11
21
7
17
9999
24
9999
16
14
8
10
16
6
9
10
9999
22
9
9999
17
5
20
10
11
8
9
13
17
9
22
6
16
8
9999
4
12
8
9999
21
11
14
9
9
5
9999
10
15
12
14
14
21
27
14
3
7
9
18
15
9999
16
20
12
12
9999
17
19
14
11
14
14
8
9
9999
6
15
14
12
5
10
17
8
9
21
15
13
15
16
9999
7
8
29
8
18
12
6
9999
14
23
15
4
15
12
13
11
19
11
16
18
7
21
21
9
7
11
9999
3
18
22
15
9
8
14
10
16
7
14
17
9
9
8
12
11
22
7
21
3
5
19
5
6
17
8
11
6
12
9999
20
9999
9
22
15
16
7
18
17
18
9999
16
9999
4
14
9999
9
22
5
7
9
20
24
13
7
7
15
17
19
17
5
15.377
6
9
31
12
22
15
8
23
16
5
18
19
6
9999
6
6
21
9
7
15
9999
17
27
24
10
17
19
6
9
12
9999
19
9
15
15
15
7
17
9
14
16
11
10
18
16
17
22
10
23
7
17
9999
5
17
15
16
15
5
16
7
9999
10
18
11
12
13
19
9999
7
9
16
30
3
12
18
8
19
4
12
12
10
3
7
11
10
9999
13
13
16
8
10
11
20
12
17
18
14
7
10
14
8
8
24
7
18
22
18
2
6
2
6
7
5
10
6
18
13
7
9
4
15
15
3
11
13
7
8
12
12
9999
11
17
10
8
15
8
10
13
10
9999
5
15
16
4
10
7
6
10
15
10
11
3
13
9
4
2
2.05
28
8
0.9
3.7
2.8
6.91
21.6549548
12
4
14
4
-0.1
7.84
6.05
4.76
60
71
8.4
1
15
7.7
4.2
3.14342829167
0
3.5
1.3
3
-2
8.67
26.47
0
14.2
6.1
19
14.0828333333
4
49.8
6
0.4
9
9.1
4.8
1.8
11.66
2.9387
12.9
6.6
11.4
7.4
1.5
1.3
9.2
6.1
7.4
3.8
2.7
10
11
7.5
22.1
1.5
7.4
6.4
3.9
8.8
6.2
2.2
3.1
4.9
0.4
9.9
2.8
7
8.6
7.2
8.2
10.7
5
7
6.3
6.7
3
9.5
4.5
6.7
26
7.5
7.4
8.1
7.2
14.1
3.5
8.6
8.9
14.1
1.6
6.8
15
1
11.1
5.1
36
6.9791
4.2
12
1.9957
18.4
9.8453
0.4
5.6171
3
12.3609
5.0407
-1.4
14
22
12
13
7.7026
4.3637
22.1059
34.89
24.715065
27.124313
35.872095
60.488503
34.559322
15.77775
2.08
19
13.44
2.1
2
5.267345
9.3
11
16
4
4
9
6
11
6
15.9
8
6.5
9.7
10
7
9
9
10
7
12
5
5
7
16.2
8
12
17.4
5
18
7
11
5
7
5
15.3
39
22.2
7
7
5
9
12.4
18.3
5
8
17.4
12
5
7
7
2
14
9
7
17.5
17
15.5
9
7
7
11
11
25
6
4
7
2
5
9
5
6
5
2.41
4.3
6
2.4
2.7
2.1
13
10.6
9.3
2.3
25
5.6
9.5
7
24
4.6
22
3.7
4.7
11
3.4
11
20
7
34
2.4
12.3
7.2
10.53
4.8
3.4
11
4
16
2.34
3.7
14
14
5
6.9
7
7
3.45
3.7
3.6
3.2
3.36
3
4
7
16
3.24
14
22
13
21
12
20
21
9.36
6.8
21
32
19
16
21
13
12
5
17
10
15
2.359
1
2
26
18
26
4
20
17
11
19
12
20
21
20
19
30
6.981
17
25
5.472
15
17
14
4
5
6
19
19
17
17
15
6
17
27
18
14
8
22
3
13.44
19
23
20
17
19
21
16
11
15
16
17
4
18
16
20
27.4
24.5
13.1
5.2
10.5
5.6
25.2
7.3
16
20
22
5.2
16
6.65
12.9
23.3
12.6
2.8
8.4
7.9
0.87
9.7
10
5.04
2.24
64.4
22
16.4
31.4
34.3
6.8
15.7
5.3
12
24
6.9
0
14
19
12.8
3.1
29.4
38
21
19
13.1
7
1.5
1.5
3.5
6
3.8
1
18
17
12.4
5.2
12.8
14.9
3
1.3
2.24
1.46
32.1
19
24.7
7.3
3.5
24.8
16.2
21
14
17
20
5.1
184
22.6
9.7
41
6.3
14
3.36
1.52
16.14
65.5
1
5.6
15
3.25
7.1
3.36
24
10.1
7
2.3
33.7
7.9
19
2.3
4.8
4
1.23
5.6
3.5
2.256263
1.5
9.1
9.2
6.7
15.12
3.24
2
7.2
11.28
4.6
11.7
7.6
48
6.9
24.7
17
4
12.9
26.5
7
9.7
3.2
8.6
9.5
4.48
1
27.6
30.9
14.1
27.1
2.4
35.2
5.2
3.6
26
17
17
15
8.96
8
6.7
19.5
5.9
8.7
8.6
3.4
16
8
11
5.5
3.4
7.84
5.75
15
9.9
12.2
27.3
13
5.9
2.9
8.08
11.2
14
31.48
19.7
9
2.9
2.3
4.5
21
13.1
5
25.6
3.6
2.4
16.2
6
4
2
4
2.10301
3.068201
2.94
4.5036
2.710372
6.81025
3.27097
7.42675
6.34
3.69
2
2
5.864155
5.113739
3
18.0905571
4
1
4
3.0442543
9.3514
6.644999
6.560999
13.63
15.04
2.877624
1.498065
6
12.7
5.1
20.50707
1
11
7.4
-1
7.987412
-1
8
10
10
81.4
17.39
13.29
14.57
18.33
15.8754988
6.658549
10.5737
1.44
7.67
3.14109
3.81
5
2.20668
3.2
15
8.93
13.9774
16.45
5
5.95205
20.259
6.21
4.67
11.61135
2
0.539168
5.7
7.6
17.3
8
1
1
-1
12.927
26.3045
7.449999
5.582499
4
-1
3.103864
8.5
6.3
6
14.606
3.29
3.67963
9.295499
5
14
5.19885
7.62
4.3
2
7
6.59766
3.417488
5
1
16.45
13.4949989
23.8085
5.054699
14.1499987
15.05
6
2
4.34643
2.18
5.43645
4.936
2
1.43
5.87049
3.973
7.13
15.099
8.7767
0.933
8.3
10
7
7.1
3.1
6.6
0.3
4
1
15
9
2
3
10
14.257
16.92
7.9952636
10.6800852
27.3
20.434
11.16
18.126
0.25
13.468
2
6
6.863849
4
5.035445
4.107955
5.1281
7.085
6
3.652581
2.240679
8.9
5.1
18.7
8.2
4
5
4
2
1
20
4
4
12.4499989
19.6274986
7.989999
3.38
13.63
7.2521172
22.97452
12
36.15
12
11
66.148
16.92
5.452
2
14.149
12.25
5.305355
9.90924
4.68086
2
2
6
4.924032
3.83
7.330335
7.997799
2.880799
6.488599
8.5143
0.342567
4.3
7.1
10.93
0
3
4.1
10
5
-1
-1
4
6.163849
14.7405
13.2446
10.389
2.02
16.128
5
6.18485
3
2.94
18.796
5.01
6
2
5.5857
2.2974
2.83249
10.22
8.87
2.87
12.36
5.172999
11.5570049
0.5
4.705
5
6
0
1
4
9.7
3.6
5.6
9
7.2
23.17058
6.566673
17.55
8.9385
5.554
16.92
5.554
16.4506
16.45
6
2
6.72
5.040418
3.32903
5.65
7.572322
6.17
6.54345
17.559
5.6
2.6
10.5
9
2.8
1
6
8
1.7
27.2271023
3.619313
3.1287055
45.6
1
4.693
1.5
4.33137
17.661
9.807
5.360549
2
6.02569
5.460533
11.03285
4.694044
4.56925
10
2.07
2
0
6
6
13
1
7
4
7.95
9.9055
11.28
-1
-1
2.133632
11.4
21
13
4.72898
11.47
15.962
37.4
3.867
14.935
4
7
4.05
5
8
6.498049
3
6.02
12.9
0
7
8
6
11
2.92
4.051199
4.587
9.422
18.33
15.51
15.725
14.1
11.356
10.34
4.69229
3.869
7.5885
6.467485
4.99647
11.63
2.42679
7.642049
0
2.292469
4.28295
10.7
1.6
3.7
9
13
5.4
3
2
2.02
-1
16.75
22.167
14.2
18.2809372
2.655878
7.3
7.8
4.9
14.8
6.9
8.2
6
10.6
11.1975651
8.02
11.1835
26.7419586
5
2
1
5
1.63
19.27
15.98
16.45
14.57
2.170264
5
7
4.6421
5.3042
5
14.065
3.835428
0
1
4.62
7.864999
12.6679993
15.3514
18.33
5.61
2.03
2
3
3
3.46936
3.83
14.097
4.475675
9
2
8.3
5.5
5.8
5.4
4.5
11.86
1
10
7
6
25
6
3.34
3.2
10.8725
1.632976
8.2
14.6
5.4
5
4.3
14.6268549
10.07
6.16584
4
1.73
1.89
3
5.270798
5
13.298
2.5575
1
9
6
3
4
1
21.4
12.1374979
11.6884995
5.798399
16.89825
13.3499994
43.082
13.63
15.98
16.92
16.053
4.28
7.375
5.569445
6.94
2.39
17.263
8
5
7
11.075
8
8.7
5.7
10
0.9
2
6
12.5
11.36
-1
12.323
0.992
13.55
4.635021
6.2
3.6
12.4
3.7
11.1
8
10.3
6
5
5
4.01507
5.159749
6.79
7
6.16
4.7529
0.5
4.488
5
5.534299
1.5
5.122613
0.892
3
30
2.17
18.98565
18.925
13.231
5.267071
17.624
3.6333
3
1.5
4.625
5.335149
1.4988
3
5
12.635
8.856
6.53
7
3
3.62
8.455
15.98
15.04
10.81
19
14.3
4.9
1.4
0.7
2
13
-1
9.1
29.75667
5.942999
4
17
2
3
4.356999
14.5
7.65
9.3976
19.74
17.39
15.869
17.363
6.96535
1.47
8.43
6.03874
8.6413
9.69
8.19
6.49
4.328
6
1
3
5
2
8.1
6.7
2.5
4.2
5.1
7.7
-1
4.75
11.9499989
2.963
2.94
4.93
4.49
13.106
6
1.16
2
7.7417
5
5.5928
4.13432
4.59471
5
4.5
6.5
10.3
1.6
4
10.04
23
4
6
8
7
4
2
18.889
14.792
15.504
4.114
15.31
3.197095
2
5.36
4.722072
8.674992
6.595499
5.29
4.2
10.4
10
2.1
7.6
6
1
1
1.76
2.02
5.14197
15.7264986
7.2405
15.506072
14.257
4.587
5.0705
18.8
12.8324
17.39
15.345
2.83272
5.9979
10.3683987
9.425
26.898
3
11
3
8
9
11
24.5
1
14.981
14.57
11.356
11.75
19.74
9.7152
16.282
7.483
4.617
5.072002
2
6.98228
2.74
4.62085
7.00593
3.994918
6
4.23502
0.462101
9.4
8.6
5.9
0.8
17.233
16.777
8.86485
10.09
2
8.9801
3.295899
5.618537
5
4
2.59
9.18
3.2
15
10.3199987
0.955
19.74
14.1
1.99845
2.6
4.2
1
1.9
5
8
7.9
15.727499
5.274399
18.0069981
2.8
13.16
14.985
14.57
