10 0.61
108 0.57
132 0.34
172 0.36
192 0.11
212 0.08
261 0.52
275 0.61
28 0.15
11 0.14
315 0.45
34 0.32
140 0.27
196 0.67
229 0.62
296 0.73
44 0.57
85 0.18
103 0.02
159 0.69
208 0.69
270 0.37
15 0.70
187 0.67
288 0.30
169 0.47
3 0.07
32 0.64
97 0.16
b 0.38
163 0.14
241 0.12
106 0.24
115 0.44
139 0.24
138 0.58
148 0.01
177 0.56
280 0.27
67 0.66
93 0.40
164 0.24
236 0.34
62 0.63
131 0.63
206 0.54
116 0.69
70 0.22
161 0.47
269 0.50
25 0.58
230 0.40
118 0.44
74 0.71
120 0.52
72 0.05
2 0.11
21 0.70
125 0.04
88 0.19
9 0.11
55 0.63
56 0.72
186 0.04
13 0.47
293 0.52
45 0.73
274 0.61
188 0.67
80 0.36
137 0.24
133 0.54
39 0.68
46 0.30
298 0.36
248 0.19
19 0.69
24 0.16
253 0.24
317 0.35
47 0.50
228 0.22
216 0.44
310 0.20
166 0.57
83 0.63
176 0.66
289 0.52
178 0.13
58 0.61
124 0.34
7 0.08
136 0.48
305 0.73
223 0.75
235 0.31
182 0.57
109 0.39
203 0.61
198 0.02
18 0.60
107 0.07
8 0.57
69 0.32
65 0.61
251 0.43
297 0.30
114 0.49
262 0.70
142 0.16
213 0.24
94 0.60
76 0.59
135 0.56
199 0.60
14 0.56
152 0.17
27 0.30
59 0.10
222 0.67
168 0.71
304 0.55
157 0.08
64 0.67
81 0.54
276 0.54
284 0.07
259 0.56
63 0.18
245 0.58
52 0.16
291 0.11
190 0.23
263 0.57
150 0.22
244 0.00
281 0.73
122 0.14
268 0.48
265 0.24
234 0.52
77 0.24
237 0.00
41 0.38
49 0.54
205 0.55
189 0.27
143 0.41
260 0.19
247 0.03
54 0.58
26 0.18
194 0.20
266 0.55
207 0.69
250 0.30
219 0.19
204 0.36
231 0.74
92 0.10
184 0.13
153 0.51
201 0.62
158 0.47
17 0.19
309 0.41
279 0.53
290 0.06
191 0.54
33 0.58
308 0.59
104 0.65
105 0.60
175 0.53
146 0.68
311 0.51
6 0.67
89 0.12
99 0.73
160 0.10
68 0.06
35 0.65
111 0.10
129 0.14
75 0.72
78 0.32
149 0.04
180 0.61
100 0.66
226 0.55
117 0.17
232 0.52
202 0.69
239 0.43
257 0.69
130 0.30
79 0.33
307 0.24
73 0.64
95 0.07
22 0.49
252 0.57
170 0.66
43 0.55
66 0.50
271 0.53
37 0.01
141 0.51
306 0.32
209 0.74
313 0.36
183 0.22
40 0.55
285 0.51
314 0.10
246 0.55
214 0.58
71 0.53
31 0.73
126 0.56
242 0.68
123 0.51
110 0.24
264 0.58
282 0.51
221 0.51
165 0.55
302 0.64
316 0.18
38 0.27
82 0.57
215 0.67
294 0.57
48 0.46
167 0.23
53 0.62
255 0.43
96 0.51
20 0.51
225 0.71
185 0.69
154 0.49
29 0.47
278 0.35
171 0.32
61 0.73
210 0.57
256 0.63
220 0.17
5 0.74
200 0.58
91 0.12
156 0.59
121 0.17
312 0.33
128 0.33
303 0.51
84 0.58
98 0.70
50 0.36
300 0.56
4 0.60
287 0.18
12 0.04
134 0.68
273 0.73
174 0.59
193 0.68
102 0.65
292 0.28
286 0.17
119 0.29
238 0.49
218 0.53
42 0.12
224 0.04
243 0.11
147 0.09
173 0.16
295 0.65
144 0.70
240 0.73
36 0.68
