105.0 0.69
109.0 0.70
120.0 0.04
124.0 0.07
126.0 0.57
129.0 0.51
132.0 0.63
138.0 0.63
140.0 0.64
148.0 0.60
149.0 0.33
152.0 0.55
154.0 0.04
156.0 0.57
158.0 0.67
159.0 0.69
164.0 0.40
170.0 0.64
181.0 0.71
107.0 0.30
53.0 0.48
55.0 0.46
61.0 0.60
63.0 0.67
65.0 0.69
70.0 0.54
71.0 0.36
72.0 0.16
73.0 0.08
76.0 0.64
78.0 0.25
82.0 0.70
83.0 0.60
86.0 0.71
90.0 0.12
91.0 0.16
95.0 0.40
96.0 0.67
98.0 0.73
20.0 0.02
25.0 0.40
26.0 0.02
27.0 0.64
28.0 0.64
29.0 0.03
30.0 0.26
31.0 0.38
32.0 0.35
33.0 0.38
58.0 0.60
79.0 0.54
106.0 0.68
34.0 0.50
36.0 0.61
39.0 0.64
41.0 0.08
50.0 0.04
56.0 0.36
59.0 0.34
60.0 0.68
66.0 0.03
84.0 0.70
131.0 0.55
21.0 0.47
42.0 0.53
44.0 0.61
48.0 0.59
49.0 0.66
52.0 0.71
75.0 0.39
77.0 0.71
93.0 0.70
127.0 0.02
130.0 0.04
190.0 0.65
198.0 0.75
23.0 0.17
24.0 0.63
37.0 0.66
40.0 0.72
43.0 0.55
51.0 0.59
54.0 0.32
57.0 0.24
67.0 0.60
100.0 0.28
110.0 0.36
135.0 0.11
155.0 0.02
168.0 0.60
169.0 0.34
195.0 0.37
200.0 0.73
210.0 0.47
212.0 0.71
219.0 0.24
225.0 0.36
226.0 0.41
227.0 0.52
231.0 0.37
250.0 0.68
275.0 0.61
81.0 0.74
92.0 0.53
119.0 0.35
165.0 0.72
167.0 0.14
196.0 0.64
45.0 0.49
47.0 0.11
22.0 0.39
35.0 0.15
62.0 0.63
68.0 0.32
88.0 0.11
13.0 0.52
15.0 0.22
16.0 0.24
17.0 0.12
18.0 0.54
11.0 0.06
19.0 0.16
9.0 0.07
12.0 0.62
137.0 0.48
161.0 0.50
174.0 0.54
257.0 0.60
64.0 0.44
69.0 0.18
87.0 0.25
89.0 0.07
94.0 0.01
102.0 0.23
108.0 0.22
114.0 0.75
128.0 0.74
141.0 0.32
147.0 0.59
150.0 0.61
197.0 0.63
211.0 0.73
235.0 0.14
242.0 0.57
249.0 0.61
261.0 0.25
266.0 0.65
269.0 0.24
271.0 0.52
160.0 0.11
166.0 0.48
172.0 0.04
177.0 0.58
182.0 0.67
183.0 0.38
191.0 0.39
205.0 0.74
208.0 0.18
209.0 0.06
230.0 0.00
241.0 0.47
263.0 0.53
268.0 0.04
291.0 0.68
313.0 0.65
317.0 0.63
144.0 0.51
146.0 0.52
173.0 0.48
184.0 0.18
188.0 0.13
203.0 0.20
233.0 0.26
234.0 0.43
282.0 0.74
303.0 0.51
349.0 0.46
360.0 0.19
361.0 0.57
402.0 0.08
403.0 0.59
407.0 0.40
408.0 0.60
435.0 0.50
256.0 0.68
274.0 0.18
297.0 0.03
301.0 0.74
302.0 0.52
305.0 0.73
310.0 0.55
323.0 0.74
330.0 0.63
331.0 0.69
332.0 0.62
333.0 0.28
336.0 0.70
339.0 0.11
343.0 0.74
357.0 0.69
358.0 0.75
367.0 0.57
374.0 0.67
383.0 0.13
426.0 0.56
485.0 0.64
267.0 0.46
364.0 0.49
368.0 0.30
389.0 0.61
38.0 0.66
199.0 0.54
298.0 0.74
340.0 0.52
85.0 0.74
143.0 0.23
153.0 0.08
171.0 0.46
213.0 0.67
240.0 0.00
299.0 0.49
300.0 0.65
14.0 0.45
10.0 0.57
101.0 0.67
145.0 0.54
1 0.14
104.0 0.17
80.0 0.70
97.0 0.60
121.0 0.63
103.0 0.42
99.0 0.50
189.0 0.34
74.0 0.73
118.0 0.18
125.0 0.64
157.0 0.49
162.0 0.65
133.0 0.05
136.0 0.60
163.0 0.19
178.0 0.67
180.0 0.55
185.0 0.24
187.0 0.62
258.0 0.52
176.0 0.26
193.0 0.72
207.0 0.01
229.0 0.28
247.0 0.51
253.0 0.34
254.0 0.46
273.0 0.01
6.0 0.65
7.0 0.68
8.0 0.48
113.0 0.16
259.0 0.20
46.0 0.68
351.0 0.34
599.0 0.60
980.0 0.57
116.0 0.64
192.0 0.09
237.0 0.08
115.0 0.59
236.0 0.64
265.0 0.68
296.0 0.35
112.0 0.47
117.0 0.64
122.0 0.51
175.0 0.43
204.0 0.72
206.0 0.61
214.0 0.54
215.0 0.11
220.0 0.70
111.0 0.34
134.0 0.71
142.0 0.59
179.0 0.42
218.0 0.68
246.0 0.08
264.0 0.48
223.0 0.59
243.0 0.50
244.0 0.70
262.0 0.67
283.0 0.71
284.0 0.12
292.0 0.10
307.0 0.63
309.0 0.27
311.0 0.05
312.0 0.61
353.0 0.13
139.0 0.64
248.0 0.58
123.0 0.02
202.0 0.34
224.0 0.74
222.0 0.69
252.0 0.57
255.0 0.24
5.0 0.23
216.0 0.02
314.0 0.26
201.0 0.06
239.0 0.74
217.0 0.70
221.0 0.61
228.0 0.38
232.0 0.72
245.0 0.10
381.0 0.20
473.0 0.32
700.0 0.58
315.0 0.28
761.0 0.42
784.0 0.73
260.0 0.40
280.0 0.51
366.0 0.04
288.0 0.51
194.0 0.06
186.0 0.63
151.0 0.73
285.0 0.56
286.0 0.23
289.0 0.63
272.0 0.24
324.0 0.42
342.0 0.04
369.0 0.72
382.0 0.29
385.0 0.09
294.0 0.38
4.0 0.10
238.0 0.47
251.0 0.69
2.0 0.69
3.0 0.69
290.0 0.59
304.0 0.66
270.0 0.66
276.0 0.57
277.0 0.20
278.0 0.59
281.0 0.41
306.0 0.25
295.0 0.54
318.0 0.59
326.0 0.72
337.0 0.65
293.0 0.67
321.0 0.65
334.0 0.62
411.0 0.53
414.0 0.72
440.0 0.70
455.0 0.60
1.0 0.61
320.0 0.22
372.0 0.72
503.0 0.48
506.0 0.45
534.0 0.44
279.0 0.46
287.0 0.75
327.0 0.68
344.0 0.68
348.0 0.22
355.0 0.67
359.0 0.64
365.0 0.25
384.0 0.59
388.0 0.67
391.0 0.64
405.0 0.54
418.0 0.65
423.0 0.04
449.0 0.43
465.0 0.62
468.0 0.66
505.0 0.46
350.0 0.39
378.0 0.42
387.0 0.55
400.0 0.42
406.0 0.33
422.0 0.69
429.0 0.44
431.0 0.62
436.0 0.14
439.0 0.61
458.0 0.64
459.0 0.69
470.0 0.54
329.0 0.51
335.0 0.49
396.0 0.48
412.0 0.47
430.0 0.25
376.0 0.23
380.0 0.22
392.0 0.65
393.0 0.24
394.0 0.70
395.0 0.54
397.0 0.08
399.0 0.73
415.0 0.54
416.0 0.65
417.0 0.41
420.0 0.25
428.0 0.28
434.0 0.15
438.0 0.61
352.0 0.37
419.0 0.50
463.0 0.04
481.0 0.54
466.0 0.49
479.0 0.28
467.0 0.44
472.0 0.25
502.0 0.62
504.0 0.73
525.0 0.45
325.0 0.42
346.0 0.71
354.0 0.13
362.0 0.13
446.0 0.70
476.0 0.26
480.0 0.69
482.0 0.62
521.0 0.11
371.0 0.20
453.0 0.06
488.0 0.14
501.0 0.03
535.0 0.65
540.0 0.54
557.0 0.43
559.0 0.41
562.0 0.26
569.0 0.47
328.0 0.11
432.0 0.46
454.0 0.58
316.0 0.49
398.0 0.26
433.0 0.67
462.0 0.09
379.0 0.55
443.0 0.42
322.0 0.53
308.0 0.31
319.0 0.59
363.0 0.64
404.0 0.67
489.0 0.50
528.0 0.18
410.0 0.40
425.0 0.03
427.0 0.11
441.0 0.40
474.0 0.72
500.0 0.28
548.0 0.61
584.0 0.09
587.0 0.30
607.0 0.39
611.0 0.24
615.0 0.74
513.0 0.75
570.0 0.31
573.0 0.48
345.0 0.72
437.0 0.59
477.0 0.67
492.0 0.52
510.0 0.02
526.0 0.53
452.0 0.53
464.0 0.73
478.0 0.37
486.0 0.55
493.0 0.71
495.0 0.64
498.0 0.14
508.0 0.61
515.0 0.68
527.0 0.61
563.0 0.24
595.0 0.59
347.0 0.73
401.0 0.68
445.0 0.00
457.0 0.65
494.0 0.64
499.0 0.60
373.0 0.65
409.0 0.70
421.0 0.61
451.0 0.66
461.0 0.68
469.0 0.67
413.0 0.11
424.0 0.54
377.0 0.59
442.0 0.66
356.0 0.11
375.0 0.62
390.0 0.66
341.0 0.17
338.0 0.41
386.0 0.61
514.0 0.41
370.0 0.59
460.0 0.71
490.0 0.50
522.0 0.09
456.0 0.14
484.0 0.50
491.0 0.31
524.0 0.47
450.0 0.65
558.0 0.69
972.0 0.42
994.0 0.70
0.0 0.43
529.0 0.51
776.0 0.20
802.0 0.59
805.0 0.65
810.0 0.13
824.0 0.37
845.0 0.03
852.0 0.65
858.0 0.00
886.0 0.30
475.0 0.71
651.0 0.02
673.0 0.72
684.0 0.14
722.0 0.46
731.0 0.68
744.0 0.01
447.0 0.02
523.0 0.09
448.0 0.65
603.0 0.65
444.0 0.07
496.0 0.32
512.0 0.68
532.0 0.51
516.0 0.06
541.0 0.40
517.0 0.65
539.0 0.56
567.0 0.66
618.0 0.47
623.0 0.43
648.0 0.57
659.0 0.47
671.0 0.20
487.0 0.43
579.0 0.20
649.0 0.47
507.0 0.58
545.0 0.36
577.0 0.09
483.0 0.51
519.0 0.18
542.0 0.45
551.0 0.66
580.0 0.09
