1109 0.66
1293 0.59
4479 0.42
5304 0.22
6173 0.45
7416 0.38
7593 0.57
820 0.52
9773 0.71
1302 0.66
6614 0.26
1014 0.68
2039 0.68
9823 0.26
3283 0.33
4292 0.73
6496 0.27
7949 0.21
1472 0.74
4133 0.06
5069 0.54
5716 0.35
7066 0.61
8874 0.50
9263 0.23
1005 0.60
1399 0.58
5916 0.34
8182 0.00
9324 0.08
9725 0.55
1164 0.50
1461 0.64
1660 0.28
3155 0.35
3346 0.28
3824 0.47
3979 0.59
196 0.18
7426 0.61
8504 0.51
10081 0.28
1961 0.44
2477 0.55
4405 0.72
5298 0.15
5506 0.63
577 0.66
9378 0.51
9402 0.57
1578 0.62
2702 0.57
3267 0.10
4530 0.05
5029 0.28
7351 0.35
9529 0.13
9741 0.32
1842 0.04
2672 0.59
2895 0.44
3147 0.63
6378 0.64
6728 0.56
7144 0.56
7390 0.60
3405 0.63
3507 0.66
4247 0.58
4267 0.66
6899 0.64
8106 0.03
9769 0.49
1092 0.71
4781 0.06
509 0.67
5207 0.55
5317 0.71
76 0.19
8594 0.04
9679 0.72
2717 0.07
3875 0.74
5318 0.31
1530 0.62
3529 0.33
5095 0.74
5669 0.43
8195 0.60
1575 0.53
2014 0.74
2713 0.51
587 0.10
8337 0.22
882 0.61
91 0.41
2198 0.19
506 0.28
6998 0.64
7076 0.53
7970 0.28
8492 0.56
2718 0.10
4313 0.75
3322 0.70
3541 0.20
3776 0.08
4445 0.56
5721 0.09
7200 0.63
8144 0.10
8988 0.74
9561 0.71
1034 0.51
4791 0.18
6002 0.72
6912 0.67
8778 0.61
1949 0.52
3435 0.66
3706 0.26
7835 0.26
802 0.55
8259 0.10
8280 0.46
10002 0.74
1037 0.55
1429 0.46
1813 0.65
579 0.12
7969 0.07
8552 0.67
8904 0.49
1402 0.17
1656 0.50
3274 0.52
3726 0.65
6572 0.51
85 0.52
2757 0.12
4785 0.29
4843 0.33
5961 0.40
6949 0.66
6976 0.29
7527 0.62
8338 0.34
2821 0.70
8695 0.64
1139 0.45
1674 0.16
3394 0.71
4145 0.69
8653 0.39
974 0.62
1599 0.40
304 0.62
6376 0.03
7751 0.55
8490 0.64
1939 0.65
4885 0.42
7328 0.61
8723 0.56
2769 0.31
3781 0.71
4128 0.75
4187 0.19
429 0.63
7443 0.32
7708 0.24
7780 0.61
7801 0.09
1370 0.13
2178 0.75
2401 0.57
275 0.22
4900 0.60
5804 0.70
6811 0.69
1065 0.24
2656 0.17
3418 0.53
3840 0.66
5779 0.60
7931 0.28
1270 0.65
1902 0.13
2424 0.03
6900 0.75
8744 0.58
10097 0.42
1475 0.27
1736 0.75
3196 0.68
4301 0.74
7413 0.08
224 0.41
3774 0.60
4012 0.32
4863 0.51
7396 0.16
871 0.47
3828 0.49
4213 0.55
4098 0.64
1756 0.39
2408 0.63
7065 0.31
8422 0.50
9952 0.07
1103 0.11
1161 0.43
3835 0.28
569 0.49
8964 0.51
10093 0.68
1734 0.58
2019 0.07
5079 0.10
1486 0.04
3481 0.11
6399 0.71
79 0.70
9668 0.65
9849 0.21
317 0.36
9914 0.57
121 0.54
4298 0.27
4817 0.36
7485 0.14
3830 0.62
9833 0.59
1001 0.65
2510 0.70
5887 0.01
7926 0.39
8623 0.55
9721 0.72
1179 0.26
200 0.41
4332 0.38
5646 0.70
6030 0.07
9256 0.31
2167 0.14
4026 0.70
5199 0.39
5689 0.24
776 0.39
3406 0.65
3796 0.31
9890 0.69
2021 0.38
3188 0.55
5773 0.50
8323 0.67
1353 0.30
2752 0.20
8348 0.72
8034 0.71
8589 0.50
8668 0.26
2217 0.00
52 0.64
8705 0.51
5163 0.63
8336 0.35
30 0.40
4463 0.14
8231 0.15
1780 0.13
8537 0.61
2331 0.72
10076 0.38
1115 0.62
3943 0.64
8916 0.65
4194 0.59
4507 0.64
8332 0.12
8919 0.46
10114 0.60
2589 0.24
367 0.10
401 0.66
4473 0.53
6244 0.17
8267 0.25
6239 0.71
1128 0.57
5349 0.65
5680 0.19
7327 0.58
8584 0.00
9026 0.30
1371 0.56
2917 0.72
297 0.66
2046 0.50
4790 0.13
6577 0.62
7329 0.60
772 0.67
7999 0.72
8467 0.22
2631 0.15
2905 0.71
1439 0.64
6123 0.04
6745 0.67
9693 0.32
6649 0.34
7364 0.70
5279 0.67
3381 0.56
2504 0.60
2786 0.60
4884 0.22
655 0.34
8175 0.56
9797 0.15
1284 0.01
5941 0.69
10067 0.64
2479 0.71
2299 0.14
2976 0.06
3609 0.74
5013 0.25
6764 0.35
8453 0.58
2667 0.58
4886 0.72
5419 0.70
5620 0.65
8166 0.72
9709 0.54
4202 0.05
7643 0.26
7993 0.60
9520 0.72
6595 0.71
9786 0.55
8446 0.70
11 0.48
2544 0.18
3120 0.53
7014 0.70
8103 0.53
8230 0.70
9980 0.52
2829 0.53
5459 0.52
6420 0.63
8556 0.50
9024 0.54
4561 0.62
993 0.67
2828 0.57
3520 0.17
8607 0.29
9636 0.20
1415 0.01
6390 0.67
1002 0.04
4509 0.56
6019 0.68
1465 0.65
3414 0.38
4949 0.45
7452 0.52
8781 0.13
1503 0.17
3109 0.31
3677 0.62
9838 0.02
991 0.33
3286 0.13
3442 0.23
6500 0.50
7882 0.22
8460 0.68
2727 0.38
7124 0.34
8976 0.61
9292 0.66
1852 0.67
3462 0.56
3807 0.36
5619 0.31
9573 0.04
9923 0.67
6400 0.70
8333 0.62
1913 0.67
2745 0.44
7838 0.16
9628 0.09
6291 0.35
6875 0.57
1233 0.69
898 0.53
9623 0.41
1010 0.10
1757 0.51
9198 0.39
1612 0.72
2300 0.51
3064 0.67
483 0.58
876 0.70
4852 0.56
5512 0.28
8339 0.18
9657 0.15
3112 0.11
4333 0.32
5102 0.69
2733 0.58
2915 0.71
3003 0.60
4367 0.19
7920 0.61
8081 0.28
8356 0.69
5675 0.13
7158 0.60
912 0.28
2686 0.38
3657 0.68
5154 0.37
8403 0.29
6332 0.11
5087 0.12
5373 0.59
6810 0.65
7447 0.18
10140 0.66
2969 0.42
3581 0.55
6932 0.52
8085 0.48
8204 0.00
8655 0.31
1444 0.61
5021 0.24
2362 0.06
9448 0.59
3177 0.20
3890 0.59
6079 0.32
850 0.59
2419 0.54
2801 0.52
3925 0.62
4676 0.12
6465 0.39
7609 0.11
9381 0.66
9744 0.20
520 0.52
8090 0.60
1366 0.21
7909 0.63
8910 0.01
1286 0.70
2023 0.62
7389 0.62
7960 0.73
2282 0.23
280 0.09
325 0.13
6187 0.70
908 0.55
3230 0.25
7414 0.53
105 0.10
3567 0.55
6048 0.69
4138 0.03
5452 0.57
9929 0.75
6612 0.59
4315 0.43
4833 0.54
6688 0.69
7939 0.53
8091 0.40
3 0.26
414 0.06
5991 0.69
131 0.62
1325 0.61
2229 0.70
3633 0.36
3864 0.65
9253 0.05
3055 0.00
5968 0.22
7365 0.46
1203 0.73
6356 0.55
8900 0.14
9290 0.46
7247 0.55
1253 0.53
2047 0.51
2156 0.25
879 0.31
2995 0.54
3438 0.63
586 0.25
2626 0.34
5214 0.39
8641 0.48
8244 0.47
8349 0.73
990 0.59
2593 0.54
4055 0.32
416 0.43
1259 0.57
3760 0.52
6282 0.65
8971 0.42
3961 0.61
4794 0.59
5569 0.43
1050 0.63
1306 0.54
138 0.22
4457 0.24
4742 0.15
5381 0.53
6666 0.62
739 0.66
1204 0.57
4484 0.73
6461 0.19
2497 0.35
5125 0.25
8254 0.30
4169 0.58
6410 0.04
4504 0.03
5903 0.55
778 0.51
1397 0.67
8989 0.04
1557 0.71
1901 0.52
2145 0.49
2823 0.01
8663 0.58
9463 0.64
1221 0.01
2195 0.61
1013 0.66
2855 0.66
8771 0.52
5269 0.44
7657 0.20
2714 0.10
6813 0.25
909 0.67
4470 0.75
2942 0.10
3716 0.51
6654 0.24
6705 0.66
4432 0.38
4464 0.46
8496 0.08
4239 0.61
9992 0.20
2138 0.66
232 0.74
34 0.00
4264 0.62
2906 0.26
2082 0.20
4860 0.29
7776 0.20
8833 0.31
3348 0.56
9247 0.49
983 0.40
988 0.20
1104 0.53
1492 0.73
6993 0.34
1451 0.68
3684 0.71
5323 0.70
9559 0.40
5119 0.63
7349 0.57
3382 0.65
4822 0.31
7305 0.74
4638 0.45
4770 0.46
9728 0.42
1404 0.68
7974 0.29
8326 0.52
7536 0.56
9785 0.41
5598 0.17
6258 0.55
2630 0.71
3983 0.56
6727 0.38
4774 0.60
2446 0.18
5949 0.01
6290 0.13
6873 0.55
1672 0.57
4240 0.61
4664 0.68
6267 0.54
108 0.31
5411 0.45
3902 0.43
4057 0.68
5566 0.27
5670 0.26
1725 0.46
2501 0.06
9635 0.32
2133 0.38
3845 0.42
5965 0.24
8083 0.21
9779 0.23
7225 0.72
6218 0.53
1342 0.42
4673 0.07
1173 0.43
6556 0.32
7504 0.58
7903 0.08
970 0.07
4339 0.63
7430 0.05
2018 0.39
6689 0.69
10032 0.65
134 0.23
4879 0.71
5573 0.60
1362 0.09
1723 0.61
5718 0.50
2851 0.59
5332 0.17
7176 0.16
3821 0.05
4740 0.16
557 0.43
9370 0.75
3596 0.48
839 0.61
1102 0.57
4059 0.74
58 0.53
2134 0.42
8354 0.57
10059 0.70
2549 0.25
6977 0.19
741 0.50
2458 0.32
3403 0.61
8908 0.65
1893 0.37
8637 0.67
6473 0.45
3593 0.67
4184 0.54
7967 0.66
9546 0.35
3994 0.18
7342 0.46
1536 0.40
5640 0.22
9865 0.61
1118 0.42
5786 0.39
2508 0.11
3849 0.59
674 0.30
3594 0.72
6599 0.46
1753 0.68
3624 0.59
5940 0.24
799 0.64
5438 0.72
6379 0.26
2890 0.62
9484 0.53
1385 0.34
1416 0.31
7461 0.75
7613 0.26
2865 0.37
4437 0.36
4455 0.72
5343 0.28
7906 0.15
1268 0.29
195 0.25
594 0.12
5995 0.11
6725 0.52
8023 0.70
9004 0.30
9774 0.65
7378 0.30
940 0.72
5562 0.32
7464 0.05
5516 0.62
8188 0.57
5216 0.67
6468 0.65
6471 0.54
1505 0.75
2886 0.32
4880 0.69
1051 0.45
4073 0.02
4665 0.36
15 0.60
252 0.22
5327 0.60
5023 0.20
5806 0.16
7484 0.61
136 0.69
3683 0.65
3749 0.59
3320 0.04
3334 0.57
7600 0.66
4521 0.28
4977 0.53
5644 0.15
4356 0.03
5124 0.37
2841 0.47
6245 0.60
9863 0.73
7009 0.08
753 0.74
2103 0.43
7874 0.69
1886 0.59
5203 0.69
719 0.69
3220 0.35
8518 0.46
8245 0.73
1064 0.35
3078 0.72
4743 0.20
2819 0.37
6421 0.74
8029 0.64
7843 0.48
4553 0.74
1432 0.16
2170 0.21
423 0.63
5227 0.51
5780 0.73
8167 0.65
8520 0.74
5792 0.21
2832 0.54
4597 0.46
2582 0.51
3345 0.65
8801 0.54
234 0.64
7182 0.20
9758 0.71
227 0.67
5143 0.69
9236 0.20
1604 0.39
187 0.31
6253 0.36
7221 0.66
7531 0.66
14 0.16
2529 0.65
6996 0.74
10052 0.72
5305 0.42
7172 0.52
1879 0.12
2003 0.35
7439 0.27
1905 0.11
245 0.35
5333 0.61
6939 0.49
8215 0.16
2930 0.15
6517 0.61
738 0.10
4585 0.13
9669 0.56
1081 0.04
7987 0.68
6195 0.71
7397 0.44
9596 0.34
1190 0.42
2854 0.52
2868 0.13
3142 0.65
4703 0.58
8767 0.21
185 0.09
3957 0.39
4543 0.48
6864 0.44
7374 0.51
1453 0.70
7235 0.64
8423 0.59
7347 0.18
7872 0.08
1594 0.44
5727 0.67
1176 0.62
1382 0.50
1783 0.48
3293 0.27
4599 0.54
535 0.59
9579 0.15
9880 0.55
1319 0.60
1728 0.69
1779 0.62
2254 0.44
2620 0.00
9651 0.02
732 0.74
7900 0.71
318 0.05
7208 0.60
2349 0.66
3270 0.37
3302 0.15
5739 0.56
2721 0.63
5320 0.49
6510 0.59
889 0.04
2211 0.19
3249 0.03
6273 0.35
9510 0.28
2777 0.35
3131 0.02
9006 0.72
2009 0.35
2768 0.45
7367 0.06
7258 0.16
8922 0.07
9648 0.51
18 0.13
2317 0.72
6946 0.52
8880 0.59
9309 0.61
1305 0.06
5736 0.03
938 0.50
9692 0.73
1297 0.61
7630 0.74
9576 0.54
9927 0.63
2741 0.51
4598 0.65
4375 0.33
9205 0.66
2722 0.67
5266 0.25
1513 0.01
3240 0.71
3992 0.36
5513 0.33
7275 0.19
9871 0.16
1355 0.33
2203 0.72
5855 0.29
8469 0.53
9958 0.68
3936 0.25
9437 0.25
9994 0.66
2428 0.61
7634 0.17
8131 0.51
4044 0.31
8945 0.15
3040 0.71
4722 0.60
510 0.74
3318 0.44
680 0.45
397 0.44
4943 0.73
6312 0.15
1044 0.07
1445 0.03
9928 0.14
7472 0.51
1898 0.10
6795 0.55
2866 0.61
6782 0.55
8606 0.20
2487 0.60
8979 0.45
7368 0.34
971 0.04
7747 0.65
3248 0.37
4416 0.33
2881 0.43
1726 0.58
2533 0.23
7125 0.39
3311 0.10
1719 0.31
4653 0.74
5812 0.56
8045 0.50
8289 0.34
8687 0.28
10133 0.36
3014 0.61
4702 0.08
593 0.53
8114 0.72
548 0.56
7383 0.45
8128 0.63
2352 0.54
1283 0.15
2161 0.59
4717 0.27
5113 0.69
5156 0.55
5800 0.54
6910 0.63
9620 0.50
2461 0.24
1022 0.64
3487 0.70
8806 0.10
1237 0.12
4229 0.48
1149 0.69
9780 0.06
1892 0.68
5795 0.16
5578 0.72
4768 0.68
9023 0.58
9791 0.55
2344 0.52
10095 0.48
5345 0.21
8748 0.74
7373 0.24
241 0.42
5287 0.20
355 0.53
9971 0.59
9382 0.10
3700 0.24
4092 0.68
6973 0.04
2261 0.51
5099 0.51
9213 0.50
7189 0.24
1574 0.71
8040 0.36
4563 0.37
8568 0.18
9304 0.68
4919 0.21
8561 0.50
9962 0.57
2278 0.15
2326 0.62
6243 0.65
6923 0.74
6447 0.13
7245 0.12
2294 0.62
4925 0.55
8442 0.22
9117 0.58
1931 0.67
1623 0.26
8414 0.55
9809 0.47
1560 0.19
8798 0.27
6042 0.07
6690 0.40
3275 0.50
4565 0.61
6594 0.34
8392 0.63
2395 0.51
6505 0.30
8601 0.61
1642 0.69
5351 0.67
8610 0.53
5342 0.23
9159 0.35
3932 0.35
4271 0.35
9016 0.10
3755 0.37
8609 0.22
1903 0.73
7538 0.03
246 0.68
2824 0.45
3214 0.01
3454 0.72
5425 0.69
1496 0.66
4157 0.38
9846 0.38
192 0.74
4533 0.67
5347 0.15
157 0.51
5953 0.55
8926 0.45
8770 0.15
2798 0.27
6597 0.74
7703 0.47
3557 0.71
5781 0.33
6136 0.70
6219 0.12
6436 0.02
3896 0.70
8972 0.64
2541 0.51
4276 0.51
10147 0.70
4118 0.11
4531 0.62
1705 0.04
6840 0.65
9156 0.12
9746 0.44
436 0.61
2385 0.01
8158 0.18
7741 0.67
167 0.61
7762 0.03
125 0.70
1912 0.32
5171 0.74
8053 0.38
9183 0.19
6097 0.55
9896 0.51
3301 0.52
3387 0.67
3699 0.41
6799 0.54
6927 0.55
7774 0.73
934 0.02
8544 0.71
8647 0.67
6365 0.44
2410 0.55
3642 0.26
8233 0.54
6261 0.10
9719 0.49
242 0.63
6163 0.69
7625 0.06
7715 0.07
1699 0.36
3170 0.35
3640 0.22
5260 0.73
6940 0.47
747 0.01
457 0.38
686 0.03
3417 0.59
3145 0.03
952 0.37
2609 0.09
3467 0.72
6283 0.43
6308 0.40
2275 0.42
3083 0.65
10077 0.01
267 0.74
4417 0.71
9976 0.51
10129 0.02
1928 0.29
6066 0.07
2389 0.73
668 0.71
1817 0.39
4340 0.70
2279 0.59
4587 0.40
3608 0.22
3681 0.50
4048 0.66
5723 0.09
6928 0.23
7816 0.56
2243 0.27
2280 0.35
8364 0.61
10063 0.54
132 0.75
1711 0.17
4834 0.71
5997 0.13
9373 0.29
1809 0.26
3929 0.73
7529 0.52
9344 0.30
4140 0.72
2298 0.55
4022 0.45
7315 0.24
9361 0.23
7492 0.54
3135 0.31
3588 0.36
3740 0.00
7140 0.32
7893 0.67
892 0.47
1198 0.33
4992 0.73
2412 0.62
4929 0.38
9640 0.68
3310 0.71
454 0.64
2482 0.03
4825 0.71
745 0.62
7915 0.47
7388 0.51
7722 0.39
8146 0.70
443 0.63
5674 0.56
3736 0.48
2592 0.65
8376 0.07
3893 0.71
7626 0.22
4401 0.73
9799 0.62
4386 0.42
1334 0.12
8276 0.53
3400 0.28
6310 0.10
853 0.05
3848 0.31
6718 0.48
126 0.18
9230 0.11
1341 0.44
3866 0.41
5450 0.71
9985 0.55
1220 0.66
4937 0.06
5538 0.30
6336 0.64
7733 0.47
7769 0.12
3913 0.26
4649 0.02
585 0.54
8503 0.64
1936 0.48
9592 0.64
1280 0.63
6380 0.66
7324 0.61
6398 0.54
5139 0.62
8681 0.67
7957 0.10
1420 0.50
5182 0.70
8898 0.71
9364 0.35
2653 0.61
4584 0.64
5329 0.61
7265 0.52
9756 0.67
9932 0.61
6191 0.46
8780 0.46
86 0.58
3523 0.68
4348 0.31
8738 0.27
1792 0.54
1824 0.70
2789 0.67
349 0.48
1808 0.59
3000 0.72
8635 0.23
3649 0.69
3966 0.37
8478 0.67
4010 0.24
8792 0.07
5686 0.08
7073 0.56
3171 0.69
5517 0.42
7209 0.75
1765 0.61
36 0.60
4174 0.50
7415 0.06
5521 0.64
7586 0.55
9752 0.65
4395 0.59
6749 0.53
625 0.53
7168 0.37
3067 0.67
7314 0.49
7547 0.70
1401 0.63
3019 0.65
9792 0.63
3679 0.06
8802 0.61
6773 0.57
235 0.38
4744 0.06
5014 0.06
3625 0.35
4769 0.32
8625 0.68
1019 0.40
1619 0.66
2240 0.74
3421 0.42
3990 0.34
9578 0.03
4729 0.29
5755 0.55
2158 0.20
3090 0.43
6338 0.68
8923 0.55
580 0.73
9895 0.61
4250 0.07
6300 0.02
788 0.06
1459 0.68
1721 0.50
2875 0.70
9089 0.50
6711 0.17
9308 0.65
7716 0.59
9426 0.53
1948 0.25
490 0.40
1361 0.64
1754 0.68
2115 0.03
4713 0.14
1848 0.55
2556 0.19
4660 0.34
149 0.75
8347 0.55
6608 0.21
4396 0.69
6041 0.49
9095 0.35
1602 0.52
2701 0.10
3696 0.61
5188 0.71
3631 0.47
4186 0.07
98 0.52
3070 0.68
4324 0.55
3945 0.04
968 0.73
2516 0.23
4719 0.68
2790 0.33
5168 0.68
5019 0.59
8875 0.40
8074 0.30
2205 0.35
5836 0.57
7688 0.44
1343 0.44
1363 0.66
614 0.43
276 0.62
6439 0.59
2557 0.35
2748 0.44
8620 0.63
4270 0.32
3127 0.12
582 0.50
5928 0.05
6601 0.39
10045 0.49
2455 0.64
5325 0.22
6341 0.69
9751 0.39
2640 0.72
2113 0.49
2002 0.19
4967 0.62
8741 0.38
2629 0.44
10068 0.63
133 0.62
9964 0.43
1271 0.17
3242 0.53
4197 0.54
5089 0.09
2238 0.52
8255 0.20
5192 0.28
9315 0.50
6530 0.38
849 0.06
5743 0.28
2022 0.73
8064 0.51
8698 0.47
180 0.70
3384 0.02
9922 0.64
7181 0.34
2964 0.57
4095 0.36
1951 0.53
4155 0.71
5744 0.20
375 0.22
7858 0.40
7978 0.48
7400 0.43
3662 0.52
8533 0.26
9500 0.18
9810 0.36
7748 0.06
9150 0.69
1609 0.22
5053 0.53
9033 0.56
5384 0.01
5784 0.74
6170 0.27
9466 0.51
1926 0.72
2061 0.10
5437 0.71
6836 0.41
10122 0.59
1807 0.30
8844 0.46
494 0.51
2553 0.54
3861 0.29
1933 0.02
6150 0.71
6744 0.68
7755 0.38
9059 0.49
2974 0.27
4525 0.08
9775 0.69
2402 0.15
872 0.19
1193 0.30
4511 0.18
26 0.57
3324 0.17
1767 0.46
806 0.42
1449 0.34
7973 0.14
8603 0.54
9650 0.62
9882 0.06
4074 0.03
4615 0.61
4889 0.58
4981 0.34
4383 0.17
5444 0.01
5656 0.14
648 0.28
3843 0.08
9993 0.66
1468 0.39
3380 0.00
4731 0.63
5720 0.54
6212 0.37
8680 0.59
5981 0.71
9476 0.29
8855 0.11
178 0.61
2711 0.49
5344 0.62
4309 0.32
8251 0.63
8885 0.55
6318 0.66
805 0.35
141 0.57
2149 0.65
6058 0.03
1254 0.52
1696 0.58
2324 0.73
3378 0.63
8007 0.67
8465 0.70
2511 0.16
438 0.59
567 0.39
7398 0.47
9873 0.69
3573 0.54
8130 0.25
2635 0.41
9052 0.48
9357 0.45
5622 0.62
617 0.60
10001 0.75
9045 0.69
6999 0.10
1637 0.64
3388 0.29
8570 0.64
8720 0.68
5753 0.62
10011 0.67
4818 0.29
5354 0.57
8777 0.23
4173 0.59
6113 0.24
1592 0.26
8539 0.27
3150 0.45
1527 0.39
2884 0.20
5353 0.72
9038 0.37
6260 0.00
7001 0.66
7298 0.41
8732 0.34
4400 0.55
7451 0.25
4390 0.19
8656 0.60
3269 0.56
4476 0.60
2361 0.35
8634 0.32
4262 0.23
4500 0.50
4203 0.14
7050 0.57
8830 0.68
984 0.10
5552 0.63
8391 0.62
2896 0.38
293 0.21
4121 0.36
843 0.30
6293 0.72
8028 0.33
4124 0.54
7685 0.64
818 0.65
5187 0.60
8525 0.70
1934 0.50
3910 0.49
685 0.34
9898 0.11
4802 0.40
8615 0.73
9350 0.37
2262 0.45
4952 0.53
2007 0.06
4628 0.52
8409 0.58
8334 0.19
4962 0.51
7419 0.30
4762 0.67
8286 0.65
1032 0.04
5042 0.21
7294 0.65
9590 0.62
9988 0.66
5733 0.68
9690 0.10
1378 0.62
4549 0.23
5170 0.67
7558 0.59
8035 0.16
8145 0.72
439 0.14
4749 0.59
7456 0.22
9379 0.60
4539 0.24
5009 0.44
4869 0.39
7091 0.47
5537 0.60
7257 0.21
1135 0.42
4796 0.70
6706 0.45
7448 0.31
1159 0.68
5876 0.13
6527 0.72
6907 0.63
4424 0.75
481 0.22
8482 0.37
9387 0.19
1790 0.08
9242 0.10
9147 0.70
4418 0.70
9921 0.66
7496 0.04
10142 0.15
5033 0.38
5457 0.66
7991 0.42
847 0.47
1576 0.28
5321 0.44
5999 0.22
8772 0.67
1851 0.61
8998 0.14
857 0.18
4592 0.05
590 0.68
4389 0.51
2496 0.14
9348 0.59
3263 0.49
937 0.56
6 0.73
639 0.42
3033 0.58
7544 0.34
8002 0.14
9712 0.53
4421 0.28
6709 0.25
822 0.25
2682 0.51
2892 0.54
10031 0.59
2604 0.75
6590 0.64
9673 0.47
8010 0.67
4583 0.39
8117 0.56
6961 0.11
8818 0.34
1632 0.36
1663 0.33
5501 0.36
1481 0.40
8935 0.72
9685 0.01
1568 0.37
6950 0.36
2670 0.21
4787 0.56
9096 0.67
3218 0.05
9278 0.17
8177 0.10
3366 0.07
6183 0.39
2429 0.40
1580 0.40
3632 0.75
9264 0.53
221 0.45
7497 0.30
6361 0.73
1621 0.18
4512 0.44
57 0.19
8714 0.47
4993 0.06
1508 0.09
3508 0.62
5605 0.25
663 0.61
8238 0.14
10130 0.43
8835 0.57
2542 0.41
2912 0.50
4451 0.50
4535 0.69
8557 0.70
996 0.67
4786 0.50
6877 0.73
8927 0.10
9717 0.58
2750 0.65
3028 0.51
4056 0.69
6501 0.18
6525 0.68
7602 0.61
767 0.03
8764 0.55
1054 0.35
4672 0.51
6890 0.13
7477 0.73
8548 0.75
9965 0.51
2525 0.20
5996 0.25
7815 0.63
4558 0.71
9201 0.66
962 0.69
3354 0.50
7565 0.55
9171 0.55
2068 0.66
4698 0.15
1798 0.56
6892 0.02
6026 0.42
3971 0.25
599 0.59
5503 0.31
6366 0.32
5554 0.51
8470 0.69
8155 0.17
5978 0.40
7717 0.50
6454 0.27
8153 0.66
7721 0.50
6428 0.49
6767 0.55
9587 0.34
666 0.35
7857 0.19
3825 0.55
3674 0.21
9418 0.71
6069 0.62
5684 0.66
8324 0.58
9900 0.40
1839 0.09
5421 0.56
2773 0.41
6755 0.57
7458 0.16
808 0.26
6024 0.55
7534 0.16
8796 0.59
8388 0.01
9580 0.53
7664 0.59
3044 0.34
8866 0.36
6337 0.30
4545 0.51
6373 0.36
7937 0.62
5630 0.52
7961 0.67
8303 0.15
5762 0.32
8920 0.21
95 0.10
7180 0.42
5915 0.26
319 0.71
3859 0.36
7901 0.39
5584 0.14
5341 0.33
5289 0.67
2403 0.64
4783 0.00
8096 0.54
670 0.65
7921 0.62
8012 0.42
3877 0.22
6382 0.61
1709 0.42
6821 0.60
10012 0.25
3930 0.52
3517 0.19
7947 0.21
3477 0.70
7669 0.50
2409 0.47
5158 0.52
3782 0.21
391 0.50
1533 0.46
816 0.62
7867 0.61
5064 0.68
8617 0.34
9412 0.64
521 0.58
7229 0.66
339 0.39
6854 0.03
2050 0.71
2425 0.67
8864 0.56
228 0.61
4994 0.61
5892 0.64
8564 0.10
7897 0.56
8397 0.08
6825 0.47
4111 0.55
168 0.74
2448 0.54
2534 0.45
2935 0.74
70 0.39
8077 0.44
2295 0.09
7358 0.10
6474 0.65
9472 0.50
1577 0.51
1686 0.71
10080 0.09
4094 0.29
6080 0.11
4370 0.17
578 0.52
7150 0.18
777 0.53
5229 0.22
6585 0.72
1641 0.56
4606 0.09
3504 0.23
3658 0.69
3026 0.50
7437 0.37
2139 0.40
2297 0.43
7360 0.02
2945 0.34
1156 0.29
8380 0.07
1558 0.73
4975 0.50
1431 0.01
6747 0.70
6975 0.21
9453 0.63
2527 0.27
2607 0.51
1682 0.63
7260 0.57
411 0.56
7627 0.16
6303 0.31
7214 0.58
7499 0.56
3759 0.15
2697 0.19
4667 0.71
1483 0.71
9464 0.68
9491 0.70
162 0.65
6677 0.54
6402 0.51
1086 0.30
305 0.52
7075 0.53
122 0.12
8443 0.13
5268 0.53
7631 0.28
9462 0.49
7679 0.48
2531 0.65
7847 0.36
1021 0.61
5933 0.47
691 0.28
9 0.56
4767 0.73
9881 0.75
9630 0.48
3876 0.09
5458 0.57
3470 0.63
7830 0.20
4711 0.74
4881 0.67
513 0.14
1344 0.48
8785 0.29
2661 0.74
5346 0.06
8986 0.42
1844 0.65
10004 0.01
7603 0.44
1677 0.75
6320 0.74
931 0.67
1317 0.09
8485 0.70
6045 0.34
327 0.47
3422 0.57
9662 0.31
2981 0.55
3502 0.68
1423 0.27
2599 0.61
3102 0.09
8879 0.69
4647 0.26
7787 0.06
5176 0.19
5591 0.63
7530 0.59
1407 0.35
2188 0.29
3045 0.22
5897 0.60
7309 0.72
9514 0.27
10108 0.66
2347 0.02
6236 0.66
9872 0.60
2898 0.55
3203 0.65
32 0.73
5798 0.70
9360 0.33
10082 0.26
84 0.51
8016 0.37
8395 0.36
4995 0.07
111 0.38
165 0.64
6358 0.06
856 0.45
7002 0.57
102 0.66
3474 0.49
9795 0.44
9119 0.74
3255 0.55
10053 0.57
4212 0.54
9617 0.08
6693 0.51
9069 0.58
3146 0.71
3521 0.51
8450 0.74
6651 0.63
8752 0.07
1403 0.56
8543 0.48
5249 0.51
7941 0.66
1573 0.71
4819 0.60
2383 0.73
3606 0.68
8952 0.53
6822 0.63
2360 0.18
6348 0.22
7902 0.17
8790 0.06
5426 0.33
5590 0.37
9211 0.63
1748 0.28
6930 0.35
1873 0.36
5854 0.38
1825 0.63
2568 0.60
4830 0.03
2340 0.09
8750 0.59
6697 0.67
8288 0.70
6915 0.72
7312 0.59
1511 0.74
4088 0.57
4188 0.08
6394 0.05
7653 0.21
3350 0.59
2989 0.44
3125 0.62
6345 0.07
664 0.12
9235 0.22
5939 0.17
5857 0.37
5498 0.71
8924 0.03
3916 0.69
7675 0.62
1122 0.12
27 0.15
3266 0.62
2867 0.41
7233 0.75
1147 0.29
1773 0.65
1945 0.68
5868 0.18
1618 0.73
1012 0.59
5209 0.50
9468 0.73
6353 0.53
8088 0.28
6179 0.42
743 0.68
33 0.39
4816 0.70
8984 0.21
184 0.25
441 0.26
124 0.60
1466 0.22
9757 0.34
3548 0.42
4829 0.08
8773 0.66
6071 0.04
8666 0.17
9170 0.03
7375 0.73
8689 0.69
5449 0.72
6322 0.74
9355 0.52
4204 0.16
7325 0.62
3232 0.22
5080 0.70
7935 0.54
7950 0.71
8100 0.62
9060 0.34
9064 0.35
6230 0.52
977 0.59
3525 0.30
5319 0.23
8856 0.75
5094 0.34
790 0.53
949 0.73
6947 0.67
7102 0.31
7851 0.46
9989 0.69
4788 0.53
4932 0.48
6133 0.71
9473 0.65
7263 0.59
9030 0.01
9311 0.15
9767 0.24
9440 0.74
5722 0.65
6681 0.07
7614 0.38
1083 0.24
7732 0.50
8011 0.72
9667 0.63
2270 0.74
2443 0.35
7719 0.57
5130 0.10
1635 0.37
5666 0.22
2116 0.10
3117 0.08
5372 0.67
7577 0.62
1546 0.59
3641 0.09
9904 0.59
169 0.11
1954 0.66
2440 0.54
2847 0.01
6033 0.36
2441 0.59
6375 0.59
9385 0.71
9643 0.05
1419 0.52
6481 0.63
6620 0.32
6637 0.70
4761 0.72
5624 0.62
7226 0.11
3801 0.29
4820 0.30
4426 0.09
358 0.65
2386 0.16
5681 0.74
3752 0.16
7770 0.52
7938 0.15
929 0.42
3665 0.70
5246 0.64
6451 0.36
2004 0.05
7648 0.68
2031 0.06
7633 0.58
9312 0.52
4487 0.08
8207 0.33
29 0.68
7425 0.18
8861 0.15
2959 0.49
4106 0.38
7783 0.24
3021 0.59
3107 0.68
4861 0.36
4800 0.74
5704 0.58
8975 0.40
1056 0.75
8152 0.26
8461 0.50
1883 0.56
3978 0.24
1880 0.74
3513 0.56
3601 0.31
7793 0.54
1452 0.04
7086 0.02
8858 0.72
491 0.34
6497 0.66
8229 0.15
5945 0.69
7668 0.55
1124 0.04
1031 0.52
1107 0.67
2641 0.64
1443 0.65
3119 0.64
4876 0.31
2165 0.64
7975 0.36
5550 0.20
841 0.54
1493 0.41
3895 0.39
7216 0.10
1935 0.05
3488 0.43
5412 0.39
6926 0.74
3152 0.66
8270 0.08
2730 0.28
3362 0.21
4207 0.00
5433 0.61
1514 0.54
550 0.40
471 0.75
6430 0.56
8402 0.45
230 0.33
9755 0.02
2062 0.57
4299 0.55
1335 0.55
249 0.60
6155 0.72
8837 0.62
1144 0.54
2235 0.53
10008 0.29
2398 0.06
9777 0.40
3424 0.71
3186 0.68
5397 0.33
2088 0.69
542 0.49
1673 0.71
4443 0.56
1365 0.55
2060 0.52
5969 0.11
394 0.55
5519 0.65
1543 0.72
1810 0.33
2763 0.03
3975 0.47
4723 0.59
5518 0.56
9181 0.25
1067 0.13
1570 0.10
5492 0.22
4905 0.17
7344 0.64
1313 0.73
7491 0.35
8973 0.39
6687 0.71
6901 0.56
7483 0.09
7101 0.38
8755 0.29
9110 0.49
3607 0.59
7917 0.72
10145 0.57
1062 0.38
3731 0.61
5632 0.56
1275 0.26
2338 0.67
7039 0.73
3713 0.33
2922 0.71
9207 0.65
1925 0.70
4219 0.55
299 0.12
600 0.72
989 0.45
190 0.72
7142 0.62
7742 0.09
3015 0.58
9323 0.16
2795 0.10
3766 0.68
5 0.63
1377 0.57
8895 0.20
3185 0.59
43 0.12
9605 0.72
2285 0.03
2774 0.30
9945 0.57
1354 0.67
8199 0.64
8020 0.04
2399 0.64
9946 0.44
2924 0.72
9284 0.12
1480 0.26
2451 0.57
6412 0.40
6828 0.12
4579 0.22
6466 0.69
7177 0.65
1758 0.66
9912 0.15
5166 0.62
7556 0.53
9017 0.55
3491 0.14
6017 0.72
8994 0.27
3374 0.58
5220 0.52
1003 0.53
4712 0.73
9532 0.52
1045 0.70
1993 0.10
676 0.30
2106 0.35
3809 0.65
3666 0.56
5846 0.42
7727 0.51
211 0.45
2869 0.70
4067 0.56
618 0.33
4481 0.39
6409 0.24
8713 0.07
9070 0.52
10105 0.65
8931 0.47
8183 0.68
1800 0.49
7210 0.33
4293 0.57
6469 0.73
7061 0.55
4503 0.32
4928 0.35
72 0.09
142 0.20
207 0.65
9867 0.35
3526 0.51
1158 0.41
7346 0.25
9801 0.55
6159 0.74
4223 0.62
7237 0.74
1593 0.51
9146 0.63
528 0.70
7152 0.72
316 0.49
9878 0.49
5383 0.66
9018 0.46
3748 0.57
3905 0.52
7562 0.03
4429 0.63
6171 0.22
8136 0.45
1210 0.69
9261 0.33
5035 0.14
6263 0.61
8674 0.59
2110 0.60
4624 0.27
4456 0.74
4362 0.69
7585 0.30
4381 0.39
4922 0.73
268 0.40
6968 0.57
7123 0.57
2223 0.05
6757 0.07
1181 0.61
4454 0.04
1393 0.72
6414 0.50
7954 0.50
8417 0.01
2564 0.65
4007 0.39
9336 0.67
848 0.73
780 0.22
9097 0.12
2901 0.32
3367 0.23
7175 0.37
4331 0.53
5387 0.39
6978 0.27
8671 0.53
8736 0.23
9732 0.56
3060 0.30
2350 0.48
6951 0.70
421 0.59
4631 0.61
4447 0.53
5919 0.23
9884 0.29
1331 0.28
9429 0.41
5889 0.52
886 0.65
1782 0.44
5132 0.47
3182 0.60
8304 0.28
113 0.44
204 0.16
10110 0.40
5751 0.41
9283 0.74
1185 0.46
1559 0.68
7087 0.24
1600 0.45
4230 0.69
8147 0.18
1352 0.54
4442 0.63
2307 0.17
2336 0.50
3194 0.28
3256 0.61
6086 0.04
6387 0.03
7394 0.48
7794 0.32
8027 0.56
3330 0.23
7501 0.60
6859 0.70
8111 0.47
5673 0.65
8608 0.11
5002 0.67
1588 0.01
5367 0.47
690 0.51
2767 0.47
2394 0.03
2882 0.67
5885 0.06
3787 0.58
2815 0.20
3096 0.36
6256 0.26
2194 0.27
9897 0.17
10120 0.40
4480 0.68
7429 0.65
6094 0.72
8071 0.67
1171 0.19
3826 0.39
5558 0.51
3225 0.73
2509 0.65
3753 0.63
2952 0.35
9526 0.73
9820 0.69
731 0.64
5097 0.54
261 0.21
128 0.61
2283 0.60
7139 0.69
6784 0.56
2469 0.70
8707 0.50
2993 0.38
7236 0.14
8486 0.40
3268 0.50
6985 0.64
1665 0.66
1485 0.09
6829 0.52
7886 0.43
9975 0.23
6444 0.52
1167 0.62
3501 0.69
5385 0.64
3048 0.12
6790 0.38
7435 0.44
8709 0.43
906 0.30
214 0.61
3597 0.45
3973 0.24
8491 0.25
46 0.69
4877 0.21
9229 0.63
3373 0.52
3066 0.58
5971 0.51
8542 0.55
9819 0.07
9889 0.14
4430 0.67
6639 0.68
3751 0.17
2246 0.64
2953 0.15
8421 0.60
8190 0.03
3689 0.12
7261 0.34
2681 0.02
7618 0.71
6285 0.67
6516 0.17
986 0.14
5270 0.63
8703 0.58
6861 0.64
5745 0.72
7729 0.70
2296 0.15
8559 0.64
10054 0.48
3505 0.47
3810 0.68
1088 0.72
1145 0.13
8341 0.51
2932 0.10
3519 0.56
6895 0.28
3621 0.36
4772 0.00
6529 0.10
2074 0.02
7841 0.01
9078 0.54
2063 0.60
9196 0.61
8396 0.57
412 0.58
7559 0.52
8807 0.42
8419 0.52
8718 0.48
549 0.14
5711 0.65
59 0.62
7427 0.57
2387 0.37
2519 0.25
5036 0.73
7942 0.43
7436 0.40
9189 0.12
4347 0.59
8139 0.44
7262 0.61
3485 0.53
4085 0.46
289 0.51
341 0.19
9227 0.64
4582 0.44
1007 0.52
255 0.72
8940 0.64
883 0.53
1089 0.73
3818 0.31
5292 0.64
7883 0.02
9512 0.72
797 0.22
1318 0.55
7951 0.61
9223 0.66
756 0.65
609 0.28
2104 0.57
7273 0.68
7802 0.37
8449 0.63
6025 0.10
6143 0.20
8737 0.65
6286 0.08
7997 0.08
1601 0.46
5671 0.61
5643 0.37
5837 0.13
7264 0.33
7661 0.48
1170 0.01
5593 0.15
3156 0.00
6490 0.54
9566 0.03
4168 0.17
3653 0.39
6381 0.74
9391 0.25
9248 0.27
4352 0.54
5007 0.74
3319 0.61
2505 0.37
2933 0.58
4171 0.49
7103 0.04
3009 0.70
8500 0.54
208 0.52
5504 0.07
5831 0.66
941 0.12
4982 0.25
10005 0.68
380 0.09
5776 0.48
7287 0.62
9040 0.40
2627 0.57
9649 0.37
1091 0.24
5634 0.72
1818 0.24
2151 0.40
9639 0.50
5065 0.39
8371 0.58
8901 0.40
9608 0.39
7303 0.42
7697 0.28
4870 0.60
7159 0.20
10085 0.18
8970 0.65
5834 0.43
8521 0.56
3245 0.07
9293 0.09
7596 0.52
9222 0.46
2724 0.49
8512 0.55
3243 0.46
8633 0.06
1200 0.35
1626 0.43
7178 0.28
2371 0.53
2083 0.53
5869 0.46
1858 0.13
4989 0.65
8353 0.73
1603 0.10
66 0.51
7601 0.27
260 0.67
7248 0.55
2463 0.56
7777 0.20
4391 0.07
2124 0.41
3831 0.03
281 0.24
3084 0.53
3013 0.53
1643 0.51
3813 0.56
3497 0.62
6656 0.47
5575 0.54
7313 0.63
3991 0.34
6010 0.50
789 0.64
1457 0.33
7251 0.61
9678 0.19
8284 0.39
1168 0.44
1495 0.66
468 0.14
8189 0.07
418 0.12
4617 0.75
6995 0.46
6266 0.70
8174 0.51
8186 0.71
8959 0.57
2284 0.51
3671 0.10
9133 0.06
3980 0.03
5303 0.24
3207 0.55
3823 0.14
4848 0.50
3951 0.61
7582 0.14
6101 0.08
7681 0.02
5520 0.02
522 0.53
7058 0.30
89 0.56
7576 0.60
554 0.38
6339 0.57
7211 0.05
8202 0.56
2421 0.08
3299 0.73
523 0.74
502 0.69
1644 0.22
9010 0.67
2470 0.52
8268 0.12
3167 0.66
5696 0.21
8759 0.57
53 0.68
7829 0.21
8591 0.30
6843 0.14
9062 0.71
130 0.68
1966 0.51
3615 0.27
553 0.13
3863 0.12
4185 0.42
2899 0.26
897 0.16
2288 0.64
7480 0.72
706 0.50
8102 0.53
4912 0.65
9153 0.62
2089 0.55
6027 0.40
7572 0.19
8950 0.29
2447 0.58
763 0.23
8057 0.53
8298 0.74
7992 0.24
7671 0.57
3079 0.56
815 0.21
1106 0.04
4438 0.68
6938 0.53
9258 0.12
1063 0.63
3610 0.71
4564 0.58
700 0.37
3034 0.32
7490 0.24
6809 0.49
516 0.46
6012 0.54
9503 0.69
8125 0.01
7595 0.48
3244 0.65
714 0.27
9347 0.65
8535 0.36
9892 0.39
4806 0.15
4494 0.67
6228 0.32
6434 0.55
7995 0.57
9220 0.25
3398 0.59
5455 0.63
8841 0.26
936 0.08
2843 0.65
3655 0.42
5793 0.02
1787 0.03
5609 0.66
2558 0.11
9237 0.66
7154 0.15
7300 0.21
2175 0.13
6518 0.50
2725 0.28
3802 0.15
538 0.60
3745 0.62
566 0.72
6037 0.31
1870 0.06
2595 0.61
5893 0.01
8459 0.60
8168 0.54
8398 0.71
826 0.52
2073 0.44
4167 0.18
4485 0.18
8439 0.61
5813 0.27
7030 0.62
7040 0.43
9970 0.22
3453 0.05
6005 0.57
334 0.63
8047 0.20
4482 0.35
6180 0.69
8214 0.38
9925 0.59
9372 0.05
8302 0.72
8530 0.28
2248 0.62
4607 0.67
8930 0.67
2142 0.39
5235 0.31
7405 0.69
371 0.49
4265 0.64
3229 0.55
6696 0.46
9424 0.56
5237 0.58
1191 0.64
1650 0.21
4944 0.58
6807 0.26
8069 0.67
810 0.68
10039 0.56
9046 0.66
10021 0.62
8941 0.59
5476 0.67
8387 0.36
8427 0.73
5860 0.13
4079 0.03
7219 0.43
1267 0.31
8974 0.44
456 0.50
7738 0.09
3798 0.46
3888 0.54
4738 0.36
1770 0.06
3050 0.39
4125 0.70
5240 0.69
1605 0.64
8850 0.31
9193 0.61
10134 0.01
3852 0.14
1539 0.37
3484 0.31
5088 0.60
4522 0.11
1515 0.10
7925 0.58
3210 0.56
9425 0.31
2897 0.55
1418 0.01
6642 0.72
4413 0.41
1978 0.54
363 0.24
3692 0.39
9852 0.01
6984 0.63
9457 0.41
9449 0.43
926 0.46
8018 0.53
8868 0.52
3634 0.71
2831 0.54
4282 0.62
4763 0.63
547 0.51
634 0.23
8039 0.70
2535 0.52
621 0.21
2878 0.72
7111 0.64
5403 0.39
7095 0.67
9953 0.52
1172 0.03
2314 0.69
9338 0.10
9555 0.09
9568 0.04
2796 0.48
7759 0.28
9564 0.06
1150 0.40
636 0.64
1111 0.09
3430 0.58
1940 0.48
7317 0.60
9888 0.72
1289 0.49
4373 0.22
8222 0.64
8566 0.42
4639 0.26
4130 0.39
8836 0.17
6343 0.19
1435 0.15
8194 0.32
3056 0.73
9316 0.04
5355 0.30
5496 0.10
9209 0.63
7253 0.43
9145 0.66
1751 0.26
6783 0.57
7989 0.14
181 0.03
4027 0.41
9474 0.72
9513 0.54
2907 0.38
9374 0.57
774 0.38
1916 0.35
8800 0.25
1347 0.69
1814 0.52
2804 0.61
7191 0.62
7387 0.32
7855 0.40
8399 0.70
8978 0.23
3289 0.21
1988 0.37
3963 0.51
3335 0.27
8148 0.30
1746 0.74
602 0.39
8586 0.75
9583 0.37
3415 0.72
68 0.60
5963 0.41
6296 0.49
7878 0.60
8424 0.20
8990 0.62
10003 0.16
2628 0.49
3457 0.30
8234 0.44
9772 0.68
8889 0.07
5982 0.05
6203 0.26
6389 0.16
2206 0.15
3132 0.49
2457 0.18
7335 0.33
8948 0.58
6446 0.06
5894 0.27
4100 0.70
8163 0.01
2112 0.65
6550 0.58
4725 0.26
5507 0.45
3842 0.06
5339 0.70
5370 0.12
7652 0.05
4614 0.64
3076 0.04
10115 0.22
4864 0.42
7808 0.70
8033 0.73
2462 0.05
5030 0.68
8579 0.34
9655 0.14
422 0.10
8170 0.53
9417 0.33
2162 0.04
5294 0.67
6385 0.74
240 0.27
9506 0.17
499 0.74
6879 0.72
7923 0.45
6878 0.22
8523 0.67
2272 0.24
5120 0.75
1209 0.68
2247 0.60
5601 0.14
6073 0.51
702 0.64
8567 0.71
1487 0.65
2632 0.53
2911 0.58
3496 0.70
5396 0.05
1218 0.62
3475 0.65
3590 0.28
4096 0.24
6640 0.27
1863 0.62
7029 0.22
3757 0.06
8572 0.53
7379 0.04
9619 0.25
1952 0.48
2550 0.70
7242 0.22
9234 0.54
8776 0.56
8826 0.50
9194 0.17
7079 0.70
361 0.52
5272 0.27
8383 0.50
10111 0.05
998 0.72
2090 0.70
2390 0.34
5308 0.73
2571 0.51
67 0.11
1265 0.70
3193 0.68
4104 0.09
5374 0.59
9948 0.58
9074 0.33
1549 0.56
9203 0.59
4957 0.69
1252 0.46
2645 0.47
5063 0.66
9432 0.59
2838 0.59
3445 0.63
2356 0.62
9141 0.55
9626 0.47
170 0.69
503 0.16
7083 0.50
5401 0.69
5530 0.41
1225 0.68
1540 0.07
1984 0.44
6492 0.24
8283 0.49
9556 0.31
9858 0.09
5955 0.22
9149 0.44
2249 0.66
7672 0.72
8273 0.63
8667 0.53
8416 0.51
1391 0.26
8555 0.71
4847 0.10
5386 0.58
9274 0.32
3670 0.03
3794 0.42
417 0.29
2332 0.71
3189 0.52
3206 0.67
3391 0.63
5056 0.11
8436 0.58
4465 0.13
447 0.09
137 0.09
2572 0.65
9830 0.57
7946 0.67
9107 0.41
5277 0.32
5628 0.51
73 0.74
5107 0.18
9615 0.32
2488 0.39
2422 0.27
9523 0.65
3604 0.43
5017 0.63
7964 0.36
1788 0.63
5993 0.04
4287 0.44
2715 0.25
4060 0.70
4548 0.32
6914 0.70
6647 0.75
1409 0.72
9479 0.39
38 0.65
3605 0.69
8432 0.71
9907 0.06
2416 0.40
6870 0.48
2742 0.23
830 0.42
2343 0.72
1368 0.46
5195 0.31
97 0.72
3709 0.11
7795 0.02
5302 0.04
5629 0.67
2075 0.61
342 0.63
6830 0.00
2034 0.50
9531 0.42
5178 0.37
1561 0.28
5363 0.64
4408 0.68
527 0.23
7488 0.04
5185 0.74
8454 0.52
563 0.73
5610 0.14
6015 0.55
8840 0.35
7336 0.53
1425 0.68
5908 0.43
6223 0.64
8065 0.55
7134 0.32
1832 0.26
8684 0.37
1598 0.00
3568 0.37
4621 0.70
7516 0.47
1410 0.11
1194 0.32
9398 0.45
9652 0.68
10138 0.56
6535 0.73
402 0.23
5794 0.27
4406 0.68
4387 0.20
1351 0.23
5964 0.52
7028 0.67
3569 0.46
9931 0.39
3965 0.71
1202 0.06
6648 0.31
1724 0.06
2478 0.20
543 0.28
2709 0.55
8306 0.71
3062 0.29
9764 0.52
4827 0.64
1795 0.68
5211 0.09
2671 0.66
5580 0.07
2852 0.21
9014 0.49
4499 0.62
6295 0.58
10153 0.66
7306 0.58
8455 0.44
2144 0.59
6044 0.67
408 0.47
8915 0.32
5756 0.39
6081 0.46
699 0.07
1720 0.56
2699 0.52
3844 0.33
9940 0.66
2348 0.71
7192 0.22
6467 0.53
2883 0.27
1596 0.73
9544 0.10
4029 0.35
5205 0.02
3715 0.26
9443 0.65
2996 0.73
9641 0.02
1544 0.66
8873 0.07
8382 0.29
2740 0.14
2903 0.72
7056 0.73
8365 0.27
7077 0.55
2057 0.19
4502 0.53
5548 0.47
859 0.15
7010 0.28
8870 0.67
1490 0.08
4038 0.66
87 0.59
3947 0.10
6735 0.66
7940 0.14
7376 0.59
6880 0.32
4519 0.18
6452 0.21
6896 0.72
3724 0.46
9393 0.29
9524 0.54
6007 0.39
9714 0.31
1244 0.56
50 0.58
768 0.56
4008 0.18
9034 0.73
10048 0.44
6746 0.23
3360 0.16
7017 0.17
1695 0.33
7781 0.63
4420 0.74
9380 0.28
9781 0.03
1450 0.28
8149 0.61
7311 0.52
1971 0.67
623 0.51
8811 0.36
1038 0.55
6966 0.67
2673 0.31
1008 0.44
4998 0.04
893 0.51
9405 0.72
4253 0.73
5951 0.53
5405 0.33
5947 0.70
3972 0.39
420 0.54
1579 0.66
2586 0.40
4274 0.64
5913 0.07
3911 0.47
1182 0.61
4953 0.61
5561 0.67
6860 0.65
9239 0.68
9043 0.18
6987 0.06
2154 0.73
8756 0.62
5547 0.63
2910 0.57
4297 0.57
9088 0.54
5904 0.21
330 0.62
4336 0.08
530 0.32
4310 0.28
6576 0.14
905 0.27
6924 0.17
4588 0.45
8445 0.01
1212 0.01
2978 0.49
3626 0.41
4053 0.40
4958 0.54
2891 0.31
1087 0.38
3018 0.69
3298 0.15
8073 0.65
9812 0.71
7640 0.47
3312 0.37
8171 0.67
3375 0.09
8574 0.72
5924 0.74
4042 0.31
6440 0.26
8203 0.70
1075 0.13
6334 0.53
5379 0.59
3720 0.28
2459 0.25
3082 0.07
2625 0.62
3071 0.47
7135 0.73
17 0.20
5948 0.11
6367 0.25
8592 0.14
5155 0.54
1030 0.41
5147 0.16
5359 0.69
8498 0.54
9936 0.13
6359 0.45
2908 0.20
324 0.67
8285 0.23
3306 0.35
688 0.75
9996 0.53
5579 0.66
798 0.74
1430 0.73
3737 0.26
8576 0.72
9072 0.01
4520 0.51
2406 0.23
2800 0.67
4466 0.42
7990 0.63
4562 0.59
4220 0.71
8277 0.74
9738 0.60
8250 0.55
3693 0.50
4366 0.53
8828 0.65
8708 0.20
65 0.66
7109 0.51
6618 0.49
9414 0.40
4805 0.17
4969 0.35
5920 0.44
8184 0.54
6369 0.52
855 0.35
2835 0.72
5712 0.55
6837 0.18
7817 0.46
8220 0.11
2644 0.27
615 0.72
6362 0.75
7132 0.71
8201 0.54
5534 0.67
9313 0.53
3396 0.20
7569 0.44
1689 0.46
365 0.54
386 0.61
4017 0.13
5179 0.45
5852 0.50
7985 0.61
2271 0.62
5990 0.64
1261 0.57
8947 0.55
482 0.63
7870 0.39
8825 0.68
2189 0.40
286 0.30
1524 0.02
3016 0.29
4813 0.25
7442 0.53
1963 0.57
8252 0.57
726 0.49
7853 0.44
9450 0.53
3427 0.19
5925 0.61
8468 0.63
64 0.55
2372 0.50
6214 0.57
7612 0.04
8400 0.52
8977 0.22
3209 0.33
5807 0.54
1613 0.52
7860 0.50
4824 0.12
4181 0.20
8315 0.72
3613 0.43
5037 0.71
9536 0.62
6229 0.53
8995 0.64
3101 0.71
3246 0.47
2689 0.41
8187 0.64
8246 0.00
1263 0.68
2256 0.02
7884 0.67
8783 0.33
1033 0.14
6566 0.41
5491 0.18
8921 0.62
4595 0.38
1850 0.71
9901 0.69
3124 0.37
8580 0.18
5144 0.37
5375 0.37
7299 0.15
5699 0.26
6652 0.20
963 0.15
2539 0.29
5502 0.45
6167 0.57
8878 0.02
5606 0.55
863 0.39
404 0.11
5201 0.67
6596 0.35
1380 0.57
7266 0.53
6292 0.59
1826 0.22
5481 0.37
8531 0.47
3261 0.10
3450 0.42
10014 0.47
6268 0.71
2374 0.63
4872 0.01
7910 0.53
2805 0.10
9082 0.63
8646 0.44
1390 0.43
10125 0.61
606 0.52
2664 0.03
2675 0.15
4983 0.44
8946 0.35
5690 0.42
7805 0.71
4684 0.57
3336 0.41
4655 0.21
9748 0.60
1607 0.12
8066 0.16
1804 0.54
3449 0.58
1035 0.47
5732 0.57
8914 0.68
6741 0.38
5484 0.63
7320 0.63
5122 0.68
6046 0.20
7202 0.37
8749 0.68
2785 0.12
151 0.00
1995 0.28
3627 0.42
1180 0.27
6034 0.15
1266 0.64
2949 0.34
8352 0.56
6259 0.51
7517 0.61
1494 0.43
3369 0.01
9796 0.12
9249 0.35
10149 0.60
8287 0.18
3832 0.57
6370 0.32
5662 0.52
8219 0.52
8779 0.36
2396 0.31
3729 0.05
145 0.42
144 0.37
3005 0.65
2117 0.39
5006 0.59
6028 0.44
9057 0.54
7250 0.61
4342 0.47
5929 0.53
8078 0.71
2418 0.53
6754 0.60
1484 0.48
1688 0.43
6611 0.67
838 0.07
308 0.60
6663 0.38
7948 0.68
9490 0.55
4532 0.03
874 0.72
4467 0.57
10096 0.53
1553 0.33
4687 0.66
9131 0.14
1522 0.49
4940 0.12
4936 0.01
8110 0.53
1205 0.44
3574 0.74
6617 0.40
4278 0.53
7361 0.03
1441 0.00
6124 0.67
5436 0.30
5540 0.65
7598 0.47
1336 0.28
8829 0.17
6313 0.35
8506 0.38
188 0.61
4652 0.30
1676 0.04
2870 0.47
8962 0.12
6082 0.65
8278 0.30
5348 0.01
2524 0.52
7115 0.67
7811 0.42
4855 0.10
3948 0.67
903 0.45
1829 0.53
7701 0.51
5439 0.72
7133 0.56
507 0.72
3708 0.24
3999 0.21
6562 0.58
9273 0.40
5313 0.34
1614 0.52
3814 0.13
2135 0.67
3889 0.54
225 0.55
2513 0.71
2780 0.18
6084 0.56
9158 0.29
5576 0.65
294 0.68
9214 0.49
3580 0.28
1085 0.58
1983 0.39
3162 0.30
10084 0.54
921 0.54
6190 0.08
5039 0.19
2058 0.25
4 0.64
9118 0.72
3969 0.72
4199 0.25
2826 0.52
8448 0.10
5197 0.09
5015 0.21
1712 0.55
1904 0.56
1242 0.39
9602 0.42
7203 0.72
7788 0.24
10087 0.66
5994 0.19
7617 0.56
5617 0.28
6567 0.17
8022 0.37
1639 0.48
1950 0.43
9073 0.68
4960 0.61
3039 0.32
3958 0.08
8208 0.67
139 0.36
9137 0.27
10033 0.71
10151 0.04
2596 0.74
558 0.50
2503 0.29
3836 0.38
5543 0.56
3754 0.27
4528 0.50
7914 0.68
6715 0.59
8665 0.22
6349 0.22
9297 0.15
2012 0.41
295 0.67
3459 0.55
6524 0.42
1786 0.14
9328 0.57
8217 0.75
4477 0.30
2437 0.36
6232 0.32
7276 0.51
8517 0.40
10101 0.70
6342 0.55
6591 0.10
6327 0.02
9419 0.13
1567 0.67
6329 0.24
6883 0.41
194 0.72
2561 0.22
7998 0.46
8293 0.13
5149 0.26
455 0.63
9875 0.53
7301 0.60
8969 0.58
6202 0.60
1315 0.53
2475 0.45
9111 0.54
7053 0.47
8420 0.57
6834 0.00
8859 0.25
383 0.59
8056 0.73
8435 0.37
4013 0.17
2467 0.45
5430 0.46
6557 0.27
4109 0.58
7341 0.66
1223 0.70
3623 0.55
5422 0.75
5702 0.15
7234 0.55
5190 0.30
10099 0.63
6351 0.38
8097 0.50
7734 0.71
4129 0.55
9243 0.63
2694 0.59
4970 0.06
2960 0.46
3397 0.49
4238 0.18
5404 0.48
7051 0.71
1584 0.06
2705 0.51
624 0.41
8872 0.55
1750 0.73
904 0.56
5256 0.26
1356 0.74
1446 0.52
8511 0.64
9563 0.22
2132 0.22
6092 0.66
6935 0.68
2123 0.64
7644 0.58
7922 0.52
9431 0.56
424 0.40
1090 0.65
173 0.49
4149 0.71
2700 0.09
7060 0.61
9210 0.39
3934 0.48
584 0.06
607 0.09
5588 0.73
1744 0.03
9244 0.59
2737 0.59
3786 0.56
3995 0.63
6603 0.52
8269 0.31
7198 0.33
1761 0.33
384 0.14
4758 0.63
6657 0.05
9151 0.72
8169 0.07
3063 0.67
740 0.54
3589 0.25
9346 0.58
2453 0.39
5802 0.19
9029 0.21
5467 0.37
6798 0.64
5693 0.54
16 0.64
2990 0.69
3483 0.60
2560 0.67
9642 0.62
2114 0.60
4748 0.15
1867 0.74
2755 0.51
2834 0.25
8682 0.53
376 0.72
5633 0.27
6169 0.64
2751 0.70
4901 0.34
6479 0.38
6680 0.55
4289 0.64
561 0.47
1548 0.25
6933 0.70
4224 0.74
6694 0.02
100 0.54
5545 0.22
6626 0.04
8008 0.55
6904 0.53
8191 0.31
191 0.50
2817 0.57
3841 0.38
920 0.32
393 0.39
1189 0.36
6781 0.13
8241 0.60
3988 0.36
3827 0.53
9152 0.62
1424 0.30
9280 0.41
3552 0.11
5789 0.59
3264 0.27
9231 0.59
3431 0.66
10062 0.66
4002 0.56
779 0.57
5045 0.72
1328 0.31
2642 0.55
8224 0.69
7468 0.61
7665 0.10
1132 0.53
6174 0.24
9175 0.51
9154 0.05
2006 0.41
4273 0.64
877 0.40
733 0.68
5626 0.26
4838 0.71
2109 0.04
868 0.00
7604 0.65
400 0.71
3086 0.25
601 0.25
2862 0.62
9212 0.51
4371 0.71
3383 0.01
2404 0.08
5567 0.75
6967 0.39
6771 0.69
2486 0.15
8753 0.10
3968 0.28
6061 0.69
5533 0.50
9886 0.26
3790 0.48
9545 0.51
3326 0.21
4523 0.25
7321 0.15
684 0.06
5101 0.71
9087 0.61
6721 0.50
7196 0.12
3703 0.38
5582 0.16
6936 0.01
10104 0.52
8104 0.03
3667 0.63
5783 0.11
4127 0.66
899 0.57
9427 0.75
9759 0.15
9794 0.06
4789 0.38
1896 0.68
6621 0.56
9001 0.62
7548 0.57
5010 0.54
347 0.04
7798 0.58
3452 0.68
4425 0.16
1375 0.73
4249 0.62
8821 0.32
8936 0.05
6331 0.21
5081 0.70
5135 0.75
4882 0.44
2354 0.73
6629 0.49
4808 0.11
1136 0.69
7 0.32
844 0.74
2327 0.05
3645 0.72
8372 0.41
7587 0.16
6646 0.71
2259 0.64
9469 0.28
1616 0.71
7623 0.01
8375 0.57
3237 0.51
7699 0.16
6040 0.54
3072 0.63
4578 0.12
3276 0.57
7624 0.71
2873 0.68
3924 0.23
913 0.68
9392 0.41
5911 0.51
8877 0.60
9905 0.19
3989 0.50
1491 0.59
4784 0.45
2308 0.35
8212 0.32
8819 0.52
2608 0.62
1821 0.68
692 0.27
8070 0.35
2146 0.73
1025 0.65
6600 0.74
3410 0.52
5526 0.17
8262 0.74
2187 0.17
8701 0.49
1927 0.72
2430 0.67
4804 0.53
4699 0.23
9459 0.61
7953 0.60
1922 0.63
6704 0.47
9362 0.71
5685 0.11
2562 0.33
7778 0.69
431 0.50
3439 0.63
4850 0.73
3611 0.42
1234 0.58
591 0.66
9185 0.65
5729 0.58
2766 0.38
284 0.63
4577 0.24
5787 0.13
1985 0.53
7823 0.32
5191 0.58
7707 0.12
845 0.49
1412 0.48
10136 0.55
4444 0.54
3638 0.25
5427 0.62
5878 0.67
7502 0.63
1823 0.05
5103 0.22
7054 0.60
7106 0.12
1820 0.75
1655 0.71
9701 0.35
135 0.46
444 0.16
7404 0.13
7459 0.05
3280 0.62
174 0.05
5204 0.17
2893 0.04
10141 0.62
7806 0.14
23 0.54
4635 0.36
7740 0.71
5058 0.03
8626 0.70
2918 0.13
6102 0.17
3440 0.64
1314 0.32
1589 0.09
3789 0.45
81 0.50
8193 0.21
4218 0.34
6364 0.17
7417 0.31
3432 0.16
2779 0.67
8774 0.71
2310 0.69
1479 0.56
1707 0.46
3133 0.61
3719 0.31
6701 0.67
10058 0.59
9022 0.01
5234 0.01
2438 0.25
3103 0.18
1894 0.08
3551 0.27
5823 0.70
6231 0.01
9915 0.23
9314 0.72
1146 0.04
6043 0.70
6712 0.14
5942 0.70
9307 0.43
3451 0.69
9731 0.63
3509 0.53
5972 0.74
4636 0.34
3510 0.36
5741 0.09
5129 0.44
6604 0.69
1667 0.71
10007 0.64
5896 0.67
9218 0.25
6241 0.56
2130 0.59
8462 0.11
2193 0.06
4956 0.64
2216 0.30
2687 0.24
9715 0.63
8558 0.49
8847 0.35
9711 0.67
2212 0.39
4644 0.33
8725 0.62
4623 0.22
3894 0.17
4488 0.56
213 0.70
572 0.67
3587 0.67
6319 0.14
7881 0.41
7976 0.61
1004 0.19
6052 0.57
8044 0.58
5525 0.08
6719 0.49
3732 0.41
2844 0.05
2984 0.31
6197 0.63
1827 0.64
6459 0.68
6423 0.53
7968 0.18
3676 0.49
6526 0.72
3353 0.26
8368 0.64
7174 0.69
5071 0.11
1285 0.64
992 0.12
7359 0.33
1300 0.02
1379 0.27
216 0.55
7775 0.64
1563 0.58
5603 0.49
3297 0.54
10023 0.60
6120 0.71
608 0.30
4990 0.72
4403 0.67
9688 0.63
5413 0.68
6582 0.04
2378 0.70
3668 0.05
1178 0.05
8884 0.26
1924 0.54
6929 0.60
1976 0.33
3231 0.21
4028 0.65
6125 0.72
2152 0.62
2465 0.40
1023 0.35
1438 0.65
9837 0.15
7839 0.13
6090 0.03
2122 0.08
1610 0.23
9879 0.21
3123 0.68
5001 0.57
8059 0.49
8528 0.67
565 0.58
9955 0.59
1070 0.63
3931 0.60
2691 0.17
8822 0.55
2793 0.56
2045 0.62
2961 0.49
303 0.57
6820 0.61
1273 0.55
6384 0.40
8745 0.51
6916 0.56
5232 0.39
6761 0.62
1859 0.32
7842 0.65
4506 0.23
9762 0.32
3900 0.61
112 0.66
6670 0.61
4015 0.39
7592 0.48
1006 0.51
4916 0.33
9729 0.52
1840 0.25
4170 0.70
5055 0.43
2444 0.72
6139 0.48
3553 0.51
7695 0.16
5917 0.56
560 0.57
1915 0.54
2155 0.73
10000 0.15
9044 0.47
573 0.24
7455 0.23
1129 0.56
7179 0.71
7122 0.57
8727 0.28
5123 0.65
7478 0.45
2066 0.61
1994 0.12
6117 0.58
1499 0.20
5672 0.55
8477 0.05
7730 0.48
3884 0.13
6110 0.70
313 0.15
2603 0.52
4102 0.18
5848 0.37
9157 0.27
1772 0.55
5833 0.53
6160 0.53
7659 0.74
4427 0.74
4498 0.03
495 0.05
6314 0.24
1884 0.39
6665 0.71
3265 0.65
9499 0.16
7110 0.39
7285 0.58
3317 0.19
5474 0.47
6226 0.75
746 0.61
1633 0.10
4311 0.52
4874 0.74
4435 0.72
3187 0.65
649 0.19
2646 0.19
3007 0.11
1232 0.70
4714 0.67
8256 0.48
2481 0.07
7919 0.52
7406 0.50
7222 0.15
1214 0.06
1337 0.61
5825 0.66
6478 0.08
6111 0.39
7334 0.59
8239 0.53
2552 0.62
5838 0.15
9376 0.66
5731 0.22
9337 0.32
5888 0.45
9317 0.02
288 0.68
9730 0.38
526 0.00
6547 0.26
4490 0.25
7545 0.70
1304 0.56
1831 0.67
6737 0.57
10083 0.62
9625 0.47
2982 0.73
5495 0.13
9333 0.05
2320 0.69
8457 0.03
2643 0.60
3468 0.74
4986 0.09
8526 0.28
8967 0.75
1471 0.18
6937 0.60
9983 0.48
8487 0.26
9180 0.64
3329 0.68
7130 0.11
631 0.00
6531 0.34
6422 0.49
9048 0.63
6720 0.69
9584 0.67
8393 0.66
1523 0.25
2365 0.65
4122 0.38
6700 0.15
8611 0.69
9013 0.06
3222 0.54
8733 0.24
4859 0.73
5181 0.60
4414 0.06
2128 0.73
8466 0.68
3860 0.22
5157 0.56
7064 0.39
660 0.16
9839 0.52
4005 0.43
8291 0.12
1502 0.14
8003 0.62
2072 0.68
7279 0.19
2359 0.73
4650 0.07
6185 0.27
9406 0.50
117 0.32
377 0.47
25 0.31
6493 0.37
359 0.73
8232 0.66
597 0.42
1068 0.75
5862 0.69
9011 0.62
9713 0.63
5586 0.02
3482 0.54
6587 0.49
292 0.67
459 0.65
8430 0.43
5703 0.18
9190 0.31
4105 0.52
713 0.60
10006 0.36
2965 0.68
1417 0.11
6396 0.73
2293 0.52
6456 0.53
6858 0.56
3371 0.71
4534 0.65
6105 0.06
1661 0.66
9735 0.53
5184 0.20
7013 0.34
8265 0.23
2064 0.62
460 0.31
3506 0.61
5635 0.22
8660 0.50
9310 0.73
2863 0.32
6865 0.11
4134 0.32
1041 0.59
7848 0.11
2693 0.64
8711 0.60
5169 0.02
3017 0.06
2668 0.64
4557 0.54
3201 0.30
5233 0.56
9495 0.38
9743 0.73
2986 0.52
1017 0.65
7401 0.04
9598 0.58
9408 0.54
10103 0.46
8746 0.31
9963 0.73
633 0.71
9094 0.55
928 0.55
9687 0.74
2837 0.15
1759 0.62
7271 0.06
3885 0.74
4063 0.50
7773 0.15
748 0.71
3205 0.38
6537 0.50
2020 0.55
3874 0.59
3805 0.44
4412 0.61
9990 0.09
6335 0.56
4279 0.53
2427 0.07
529 0.71
2887 0.63
5441 0.26
9121 0.66
999 0.04
1413 0.59
6405 0.52
2055 0.66
3304 0.67
356 0.44
4630 0.45
1704 0.57
5073 0.30
7112 0.14
74 0.68
279 0.12
5710 0.74
5927 0.73
5286 0.33
6154 0.36
9609 0.15
9856 0.14
1469 0.53
3656 0.37
4745 0.59
2971 0.59
6126 0.65
6178 0.42
1186 0.16
8540 0.63
9195 0.63
2431 0.05
6866 0.34
6952 0.52
4736 0.73
972 0.69
5758 0.00
8060 0.66
8062 0.44
403 0.64
5174 0.02
2783 0.59
7506 0.60
3837 0.57
5748 0.42
5791 0.37
2306 0.34
645 0.62
2391 0.18
5655 0.01
7031 0.06
8115 0.68
8253 0.70
90 0.52
10034 0.00
610 0.65
3598 0.21
4873 0.21
6098 0.74
696 0.17
9950 0.70
1028 0.30
752 0.37
7868 0.09
9436 0.61
4462 0.59
8307 0.49
7866 0.43
4196 0.54
1975 0.53
8832 0.31
1581 0.62
2097 0.64
3775 0.49
4801 0.75
9966 0.28
9540 0.62
2940 0.49
2224 0.59
9934 0.51
3542 0.63
2526 0.60
2734 0.72
4556 0.29
7070 0.72
3564 0.29
866 0.21
9109 0.01
4857 0.40
4589 0.15
2264 0.10
9771 0.58
1991 0.63
4131 0.12
7979 0.09
8107 0.40
7573 0.60
1805 0.72
7059 0.29
3941 0.74
3522 0.53
9260 0.58
9860 0.61
7254 0.70
1162 0.57
9943 0.59
8728 0.42
9192 0.64
9944 0.49
8890 0.65
8321 0.51
6874 0.71
7348 0.26
285 0.62
7071 0.23
1755 0.71
8405 0.51
2738 0.65
498 0.14
5898 0.35
6151 0.50
7372 0.05
7654 0.74
3447 0.08
69 0.74
2622 0.45
7508 0.42
1693 0.24
7005 0.69
4613 0.31
9984 0.71
9760 0.02
854 0.68
8905 0.62
352 0.69
5138 0.08
461 0.10
5062 0.34
159 0.52
4927 0.63
943 0.26
5382 0.53
6089 0.20
2943 0.06
1742 0.55
5645 0.20
7190 0.17
1865 0.09
5631 0.50
390 0.05
4058 0.35
4759 0.53
6574 0.19
1919 0.57
9972 0.64
7509 0.36
6224 0.41
9228 0.12
9217 0.63
3433 0.43
5777 0.37
6569 0.39
2201 0.34
541 0.09
3314 0.73
4675 0.72
3806 0.57
4458 0.03
6942 0.52
4209 0.61
4441 0.65
1454 0.64
9644 0.27
1326 0.56
4072 0.40
9707 0.14
9782 0.39
5239 0.64
382 0.52
2054 0.09
6753 0.19
7385 0.38
4757 0.44
419 0.50
4501 0.55
1389 0.61
7837 0.53
8299 0.57
6615 0.42
8479 0.35
4379 0.16
5226 0.41
576 0.72
7380 0.14
256 0.15
6869 0.53
368 0.40
8596 0.22
7207 0.52
8834 0.54
4101 0.24
1024 0.59
5853 0.09
1489 0.69
4158 0.20
472 0.35
5962 0.01
8616 0.62
932 0.16
5394 0.57
372 0.24
3528 0.51
353 0.40
3697 0.72
62 0.53
7104 0.39
9699 0.72
2190 0.70
667 0.57
4147 0.51
5571 0.62
6065 0.26
2781 0.14
3518 0.38
5330 0.67
677 0.47
1717 0.62
4318 0.74
4810 0.23
5098 0.60
6142 0.22
9918 0.59
2842 0.56
669 0.38
595 0.70
4300 0.36
5291 0.72
9365 0.54
4866 0.62
5510 0.71
3878 0.02
9287 0.24
5826 0.05
4948 0.66
5759 0.71
2872 0.28
5000 0.28
4496 0.30
9478 0.27
7170 0.15
3478 0.67
3577 0.37
7743 0.49
8697 0.74
8735 0.60
1346 0.53
9776 0.19
851 0.26
2809 0.20
8058 0.50
2583 0.21
8036 0.56
1895 0.22
7044 0.47
2775 0.45
881 0.52
4851 0.11
6207 0.34
4099 0.62
8063 0.07
5768 0.59
9037 0.70
3327 0.35
961 0.50
2985 0.68
734 0.18
6824 0.51
8590 0.65
2411 0.13
6676 0.68
7899 0.07
4328 0.51
7994 0.15
6083 0.02
1685 0.15
4353 0.70
2778 0.51
5829 0.71
5772 0.64
5531 0.24
6388 0.68
8659 0.73
2305 0.02
6103 0.67
2813 0.30
6164 0.65
7402 0.25
5618 0.71
2218 0.33
9144 0.43
9720 0.51
2449 0.07
4205 0.69
4225 0.09
5660 0.14
5835 0.14
344 0.44
3785 0.27
6803 0.72
1562 0.74
7084 0.64
7036 0.60
9594 0.52
2946 0.54
8636 0.49
4307 0.14
10146 0.53
8662 0.15
9995 0.09
3822 0.19
5765 0.46
6112 0.48
7809 0.03
9567 0.07
3006 0.66
3141 0.52
2874 0.13
3271 0.18
2638 0.38
5177 0.09
9177 0.73
8553 0.74
5977 0.16
1130 0.40
8076 0.12
3257 0.44
3903 0.73
2483 0.16
1257 0.10
9658 0.65
4915 0.50
3047 0.60
7045 0.04
2325 0.51
3291 0.75
749 0.46
9130 0.56
9733 0.74
2806 0.10
5077 0.39
640 0.71
8532 0.37
1529 0.43
6333 0.51
8961 0.56
4398 0.68
6445 0.53
103 0.28
1876 0.67
9645 0.31
7520 0.62
2545 0.29
9340 0.06
9899 0.71
7025 0.58
3962 0.56
4581 0.25
186 0.22
4604 0.56
5252 0.34
716 0.50
8281 0.65
9486 0.45
1349 0.07
8481 0.72
3933 0.36
7204 0.62
8887 0.72
4782 0.51
1440 0.52
5202 0.72
727 0.17
3646 0.30
3793 0.15
3707 0.04
1120 0.67
4397 0.15
9581 0.11
8963 0.51
9200 0.38
9722 0.56
2771 0.25
2512 0.65
2931 0.24
5725 0.69
2335 0.08
1478 0.74
4517 0.26
1891 0.23
155 0.64
5864 0.60
966 0.58
4312 0.70
3622 0.71
7137 0.53
3694 0.51
6625 0.64
6246 0.52
8126 0.34
4471 0.13
6658 0.71
2567 0.22
2770 0.75
3815 0.28
427 0.55
1670 0.19
3254 0.02
2353 0.48
5844 0.01
1822 0.57
2861 0.01
7003 0.27
1722 0.68
2341 0.54
4547 0.48
2417 0.08
8116 0.69
9334 0.43
9367 0.19
2199 0.08
6573 0.07
4853 0.36
9403 0.61
819 0.36
4051 0.73
6442 0.33
399 0.58
310 0.50
4593 0.70
7927 0.72
6404 0.66
5691 0.00
8311 0.66
39 0.22
9399 0.04
1534 0.74
4281 0.68
61 0.37
6804 0.53
6729 0.63
4988 0.67
3543 0.73
4586 0.24
8227 0.54
1648 0.51
10100 0.67
701 0.66
6200 0.60
922 0.68
9285 0.33
5627 0.50
4263 0.27
512 0.53
6931 0.37
9511 0.23
212 0.04
5654 0.60
7772 0.22
9677 0.12
4527 0.67
7916 0.03
9783 0.14
6732 0.50
8650 0.64
2782 0.53
9329 0.60
5276 0.19
9054 0.35
5570 0.56
6847 0.03
6675 0.67
8729 0.58
2658 0.05
6047 0.52
9627 0.07
715 0.02
7804 0.55
1887 0.50
9920 0.67
3887 0.52
2731 0.02
4492 0.64
9343 0.18
7845 0.33
823 0.35
9935 0.12
4518 0.51
2761 0.16
1373 0.45
2707 0.72
4608 0.56
9318 0.53
9591 0.52
9705 0.64
9954 0.70
4268 0.06
6032 0.65
1323 0.53
7895 0.74
967 0.68
4150 0.48
9501 0.56
1834 0.24
1914 0.62
2267 0.04
8006 0.55
5254 0.11
6846 0.14
7905 0.17
9286 0.45
6460 0.68
9543 0.48
4232 0.09
8205 0.36
2281 0.43
545 0.53
8795 0.60
9919 0.71
5377 0.46
1049 0.04
5596 0.23
6408 0.56
2260 0.62
7944 0.74
10055 0.71
4811 0.65
7094 0.48
7518 0.41
8389 0.62
1462 0.51
7197 0.64
2384 0.41
320 0.40
3944 0.38
4616 0.12
9077 0.03
7581 0.54
2703 0.36
8451 0.23
5070 0.45
6659 0.41
9515 0.46
8068 0.52
9447 0.53
3562 0.21
2316 0.54
3691 0.68
8340 0.68
9104 0.59
1269 0.11
152 0.36
8597 0.36
4551 0.31
9233 0.26
8562 0.09
2273 0.50
511 0.02
3856 0.35
5514 0.51
7052 0.43
8696 0.59
9572 0.68
5093 0.73
6902 0.67
3908 0.18
8678 0.15
9275 0.34
4228 0.57
1206 0.65
432 0.64
7673 0.10
262 0.61
3560 0.48
6072 0.33
1207 0.46
4601 0.38
5262 0.06
6301 0.63
9112 0.64
114 0.65
1526 0.54
1651 0.74
7846 0.69
1801 0.02
3742 0.19
3303 0.10
19 0.68
1249 0.57
1847 0.54
4392 0.62
28 0.13
3195 0.26
7934 0.03
8510 0.69
3259 0.73
1227 0.12
5335 0.63
3224 0.09
4257 0.57
4718 0.61
5451 0.55
7519 0.48
9341 0.01
9784 0.50
7259 0.20
1137 0.75
5012 0.55
3976 0.09
7164 0.41
1590 0.65
6776 0.61
7885 0.03
4003 0.02
6886 0.69
7220 0.62
3370 0.74
6842 0.09
8087 0.57
9813 0.27
5850 0.56
8657 0.05
4641 0.46
5221 0.15
7692 0.31
3897 0.63
5616 0.34
5769 0.61
7268 0.10
2368 0.37
7118 0.59
9182 0.75
6050 0.64
6619 0.16
4831 0.15
5881 0.37
8407 0.58
3733 0.16
712 0.63
3881 0.69
7230 0.71
9703 0.26
2375 0.72
7409 0.57
2071 0.29
4537 0.07
88 0.71
8886 0.31
1188 0.60
6233 0.48
7018 0.43
1550 0.12
8031 0.37
6849 0.33
9537 0.70
4472 0.52
7021 0.71
7771 0.56
9172 0.64
9702 0.62
5361 0.59
5378 0.67
10074 0.62
1979 0.54
266 0.50
8993 0.38
6371 0.72
8937 0.66
8275 0.67
2473 0.25
3685 0.55
4380 0.21
647 0.25
902 0.09
3797 0.31
9734 0.30
1127 0.62
7292 0.58
5183 0.63
54 0.35
154 0.41
3386 0.43
10107 0.51
6357 0.44
1069 0.58
3020 0.51
4978 0.41
6808 0.67
5052 0.66
3217 0.54
9301 0.73
5749 0.55
6733 0.71
179 0.72
329 0.56
2077 0.66
12 0.38
9674 0.52
5312 0.24
5754 0.12
3812 0.70
6225 0.71
8043 0.25
8350 0.63
8538 0.72
8789 0.60
5365 0.44
4021 0.65
6432 0.61
2125 0.28
2877 0.35
3906 0.38
7856 0.11
5284 0.63
1930 0.38
4086 0.71
9548 0.75
1123 0.65
8132 0.73
2065 0.60
395 0.27
7089 0.54
9903 0.53
6965 0.06
4045 0.63
10073 0.74
2634 0.67
5306 0.19
9384 0.23
3025 0.01
9798 0.46
1697 0.57
201 0.59
2683 0.74
9817 0.01
7465 0.64
7810 0.51
9215 0.26
2618 0.66
3847 0.13
7184 0.12
9675 0.23
9441 0.67
6660 0.51
1071 0.11
2044 0.17
7148 0.60
4077 0.74
6153 0.63
7162 0.73
10091 0.73
5247 0.26
7302 0.57
5508 0.46
4571 0.56
10038 0.56
4394 0.53
7579 0.67
6545 0.46
7047 0.11
381 0.32
5922 0.58
10060 0.27
4987 0.62
723 0.74
1710 0.70
332 0.69
8014 0.70
8094 0.71
3073 0.37
3349 0.03
7006 0.21
451 0.51
6328 0.18
4082 0.18
8751 0.61
1258 0.63
7812 0.32
1018 0.69
3290 0.63
4715 0.71
1405 0.67
4305 0.57
536 0.62
8472 0.52
6641 0.28
6756 0.47
6250 0.64
1276 0.53
2760 0.32
3644 0.40
3750 0.65
2573 0.01
9138 0.38
7621 0.31
3341 0.10
4066 0.54
1965 0.52
8243 0.65
8642 0.62
894 0.68
7832 0.33
973 0.05
7615 0.60
9475 0.67
3053 0.62
4554 0.24
9957 0.59
4402 0.57
8577 0.31
1000 0.62
6671 0.27
7655 0.35
104 0.39
1470 0.64
1897 0.03
8050 0.68
2024 0.72
2934 0.24
5701 0.09
3087 0.19
4888 0.60
5713 0.71
9199 0.23
7709 0.51
6815 0.07
10143 0.68
1157 0.18
2521 0.50
5842 0.17
6100 0.22
7507 0.34
2265 0.41
3425 0.48
8654 0.12
9814 0.29
4295 0.54
1646 0.29
7438 0.48
8156 0.62
9909 0.35
6905 0.39
7966 0.33
3466 0.72
55 0.06
1250 0.38
3591 0.53
6565 0.44
630 0.70
3918 0.70
532 0.57
4946 0.68
7143 0.02
8046 0.11
5435 0.51
10035 0.61
8758 0.20
3052 0.67
4495 0.28
5105 0.59
9607 0.59
6679 0.26
8583 0.56
5193 0.50
8475 0.34
1864 0.68
6956 0.42
7686 0.49
10088 0.30
754 0.67
3471 0.48
8628 0.02
2204 0.73
3247 0.51
9606 0.01
5114 0.28
598 0.42
10094 0.34
4338 0.58
5464 0.43
5134 0.57
7660 0.32
8571 0.33
9148 0.65
4865 0.61
650 0.53
7129 0.16
758 0.74
3554 0.47
9870 0.67
5819 0.23
5018 0.06
5820 0.08
9202 0.55
2888 0.27
6193 0.57
3829 0.73
4210 0.38
5380 0.71
7393 0.33
1638 0.20
8629 0.62
8762 0.54
9238 0.49
1741 0.14
8015 0.24
5665 0.57
2400 0.12
1974 0.62
2885 0.69
6631 0.70
4372 0.57
189 0.03
3695 0.61
5180 0.14
9811 0.54
5574 0.29
9704 0.45
4163 0.59
6816 0.58
8154 0.03
4692 0.52
1359 0.55
7560 0.30
8025 0.16
5818 0.72
6070 0.05
6862 0.29
9653 0.54
3284 0.74
5679 0.68
8508 0.56
537 0.38
7038 0.51
551 0.18
5980 0.71
1142 0.25
9184 0.53
8109 0.47
2554 0.62
388 0.59
7169 0.15
6486 0.41
4858 0.04
1215 0.26
10069 0.54
2318 0.43
1778 0.42
4189 0.68
3493 0.02
7570 0.26
8803 0.23
9319 0.22
7240 0.01
3531 0.59
1766 0.23
6184 0.65
2067 0.49
616 0.14
1774 0.64
2329 0.51
673 0.55
8810 0.36
6580 0.62
9740 0.23
2196 0.66
1998 0.71
2242 0.49
1981 0.15
3233 0.46
350 0.59
2665 0.58
1151 0.08
1477 0.52
1556 0.22
3166 0.58
5766 0.55
7713 0.24
867 0.13
2180 0.74
3313 0.65
3572 0.24
4345 0.22
4193 0.05
7099 0.31
153 0.61
5737 0.55
10036 0.69
1009 0.13
1943 0.58
2143 0.67
2442 0.27
2660 0.68
6770 0.60
5641 0.18
1691 0.75
3106 0.24
4637 0.29
6192 0.12
2099 0.47
6624 0.70
1967 0.57
2754 0.66
7467 0.50
4776 0.38
1434 0.04
4836 0.70
4365 0.63
493 0.09
3157 0.60
8051 0.30
1669 0.51
5059 0.56
9599 0.19
1947 0.56
2825 0.03
8694 0.60
9663 0.52
641 0.54
7840 0.29
2532 0.57
6487 0.31
492 0.07
2947 0.50
5559 0.37
9332 0.37
3258 0.09
9167 0.08
9516 0.57
8089 0.73
1969 0.69
9885 0.54
8502 0.53
8366 0.02
9428 0.73
6841 0.53
7907 0.56
5967 0.73
8997 0.66
7228 0.11
2739 0.63
7096 0.55
9368 0.10
1739 0.61
8221 0.40
6786 0.36
10112 0.65
333 0.44
7486 0.61
8279 0.26
3338 0.48
791 0.64
9671 0.11
7955 0.51
7580 0.03
7924 0.19
8456 0.01
6817 0.67
7636 0.54
8024 0.61
4211 0.14
2864 0.11
9162 0.72
9467 0.72
9525 0.03
4546 0.08
5477 0.66
1093 0.26
10070 0.13
2197 0.27
4358 0.40
7407 0.15
3779 0.29
4609 0.58
7493 0.26
3967 0.40
661 0.19
1520 0.57
2042 0.34
2598 0.39
8882 0.12
193 0.20
2962 0.60
6568 0.60
2712 0.24
3058 0.74
9021 0.57
4269 0.66
1040 0.68
933 0.69
1436 0.15
8112 0.60
1769 0.27
3764 0.39
2095 0.72
2649 0.63
3253 0.41
9075 0.47
6146 0.29
4032 0.25
6622 0.04
8784 0.41
9320 0.52
5985 0.48
832 0.74
3721 0.67
5460 0.19
5871 0.43
175 0.06
2502 0.74
1835 0.07
4797 0.59
1383 0.53
9902 0.40
7119 0.58
9654 0.69
4999 0.06
7553 0.50
1338 0.18
6763 0.07
8949 0.53
5979 0.59
5280 0.34
306 0.70
659 0.53
7647 0.06
652 0.65
583 0.42
8264 0.75
6076 0.60
1163 0.27
166 0.46
2000 0.56
6309 0.57
2169 0.02
9586 0.59
3115 0.67
7550 0.61
8710 0.69
9694 0.71
6561 0.73
7710 0.18
8308 0.61
9271 0.39
1133 0.49
6287 0.50
7608 0.71
7680 0.63
9637 0.69
8804 0.56
1213 0.74
3816 0.58
7836 0.62
5316 0.06
890 0.16
1117 0.34
7844 0.10
1678 0.09
1694 0.36
9276 0.61
3173 0.35
9452 0.13
6779 0.52
8327 0.68
8534 0.12
9956 0.64
9618 0.59
5667 0.73
6593 0.55
6397 0.68
5863 0.59
8739 0.73
4020 0.56
6137 0.70
7231 0.41
8860 0.47
9351 0.36
7736 0.30
484 0.22
9294 0.01
3296 0.49
3901 0.63
5900 0.38
4893 0.63
5429 0.75
9672 0.03
10154 0.42
4746 0.46
3476 0.64
5589 0.08
1701 0.57
8473 0.18
4316 0.29
2566 0.74
6391 0.08
323 0.54
378 0.55
8357 0.21
861 0.36
5988 0.10
8355 0.33
2040 0.59
197 0.10
2970 0.49
7186 0.67
1027 0.48
2720 0.51
7283 0.55
8437 0.75
5824 0.49
9826 0.54
99 0.57
2173 0.51
3886 0.40
7081 0.55
2716 0.45
3416 0.60
5253 0.16
9051 0.23
2008 0.15
4326 0.67
6135 0.65
3012 0.21
5625 0.60
3343 0.39
8017 0.60
3436 0.66
8213 0.40
5944 0.66
7227 0.66
8263 0.46
9834 0.60
4682 0.70
5880 0.67
4065 0.65
1713 0.45
2376 0.08
6099 0.51
771 0.29
626 0.19
3879 0.68
4308 0.55
1652 0.55
6512 0.57
6201 0.39
1946 0.62
8812 0.30
2397 0.73
4923 0.41
7674 0.49
8536 0.02
9003 0.15
1152 0.24
8605 0.52
4251 0.40
243 0.74
1281 0.58
6504 0.45
9123 0.65
5067 0.55
5219 0.56
6087 0.26
2955 0.52
3862 0.57
835 0.51
1900 0.67
4200 0.20
760 0.62
4084 0.29
7339 0.22
1428 0.16
315 0.07
10086 0.63
487 0.48
4541 0.21
1517 0.39
4693 0.63
3602 0.72
7574 0.59
1564 0.55
480 0.52
9047 0.57
8367 0.72
109 0.51
4160 0.63
1537 0.48
5636 0.23
2833 0.57
198 0.05
1908 0.46
3332 0.69
8173 0.46
4720 0.33
508 0.60
8261 0.50
8604 0.41
229 0.03
4076 0.59
1211 0.48
7063 0.39
8072 0.25
8266 0.56
8644 0.44
3686 0.70
10064 0.57
1653 0.21
8404 0.66
6917 0.74
3570 0.74
3756 0.60
2954 0.42
3511 0.38
2328 0.56
4468 0.72
71 0.45
3537 0.53
2655 0.51
8909 0.35
5774 0.60
4436 0.29
730 0.31
5173 0.59
4961 0.57
1199 0.46
2679 0.54
2967 0.33
1340 0.62
9163 0.16
891 0.57
9035 0.30
1762 0.55
8260 0.04
7864 0.40
4037 0.13
1680 0.01
2351 0.64
2522 0.67
4795 0.41
5500 0.40
7012 0.28
3946 0.66
782 0.03
994 0.51
9489 0.36
3099 0.48
4363 0.24
6698 0.54
5651 0.41
574 0.38
9168 0.42
4700 0.01
7195 0.14
8294 0.13
7131 0.11
8622 0.11
946 0.55
485 0.05
2536 0.70
9588 0.73
2926 0.49
150 0.09
4448 0.16
7756 0.74
8295 0.36
3571 0.16
6507 0.41
1830 0.74
975 0.50
2818 0.07
2977 0.68
4089 0.53
10144 0.33
5585 0.00
4433 0.62
3158 0.69
9854 0.34
6278 0.07
2080 0.56
1657 0.69
4671 0.66
2013 0.48
4573 0.45
995 0.27
2937 0.26
6506 0.17
5726 0.67
7241 0.53
5613 0.49
3372 0.72
8480 0.29
8944 0.50
9305 0.06
6484 0.49
7138 0.49
4343 0.62
7395 0.41
6482 0.17
6921 0.37
3134 0.33
8317 0.13
7637 0.53
5111 0.15
1987 0.12
3599 0.55
6887 0.56
9864 0.31
6078 0.07
1551 0.26
2185 0.72
9616 0.19
4321 0.24
9866 0.19
7381 0.58
4183 0.71
5750 0.14
6406 0.19
4632 0.02
2879 0.05
9442 0.17
3046 0.35
4113 0.70
3446 0.62
4661 0.56
2575 0.70
4162 0.08
2652 0.53
5937 0.52
2980 0.75
923 0.24
8225 0.10
3643 0.05
3783 0.32
4646 0.53
8600 0.25
9874 0.50
9974 0.46
7620 0.54
7821 0.62
7726 0.08
9129 0.37
9134 0.14
8095 0.49
7746 0.25
8092 0.55
9850 0.67
6717 0.60
2100 0.24
4771 0.35
398 0.53
5008 0.14
7080 0.74
3199 0.73
5663 0.36
896 0.72
3138 0.55
4280 0.50
4997 0.71
646 0.02
6539 0.33
1309 0.19
8138 0.54
4945 0.70
5931 0.17
328 0.73
7117 0.69
3279 0.66
96 0.15
7849 0.39
9493 0.65
3041 0.41
3239 0.04
5112 0.23
3846 0.49
475 0.66
5956 0.72
3499 0.57
3923 0.48
3532 0.47
828 0.14
2492 0.68
8621 0.31
7649 0.69
7705 0.62
7100 0.71
8934 0.35
6897 0.27
8672 0.68
5529 0.44
8412 0.67
5003 0.04
9488 0.38
1134 0.41
3407 0.56
458 0.59
3174 0.41
2379 0.62
336 0.73
814 0.64
2648 0.05
4018 0.67
6762 0.58
8369 0.63
3533 0.46
8418 0.14
4634 0.71
6607 0.50
3347 0.01
6867 0.39
3799 0.72
4195 0.67
9358 0.68
4306 0.07
5046 0.17
2086 0.75
2498 0.53
6534 0.54
5025 0.66
9825 0.24
4410 0.35
7399 0.62
44 0.74
6818 0.50
7800 0.72
9632 0.60
5301 0.01
5336 0.60
5338 0.09
3566 0.42
8619 0.16
637 0.62
3938 0.70
3652 0.70
9245 0.22
110 0.46
2581 0.59
9747 0.62
9108 0.14
540 0.35
3524 0.55
5975 0.22
5998 0.65
8706 0.31
1843 0.68
5841 0.51
248 0.63
729 0.59
8911 0.65
1571 0.47
1992 0.21
5285 0.64
6695 0.65
6793 0.29
8401 0.12
6129 0.25
8161 0.63
6237 0.15
1999 0.33
7449 0.74
4710 0.52
5110 0.72
2514 0.69
5231 0.27
8624 0.50
8373 0.19
4241 0.60
409 0.26
3659 0.66
6326 0.50
9386 0.74
6871 0.43
413 0.67
370 0.28
3163 0.64
6616 0.58
2797 0.32
4739 0.29
465 0.69
9933 0.53
7690 0.25
4116 0.54
6118 0.18
2839 0.57
9005 0.47
4049 0.64
5983 0.60
6003 0.68
9250 0.23
9165 0.64
1236 0.51
3010 0.12
8519 0.70
2137 0.41
6188 0.63
7171 0.61
4407 0.65
7712 0.32
4610 0.73
9169 0.74
4107 0.58
5446 0.13
5432 0.11
1683 0.12
5599 0.04
6254 0.27
852 0.69
4580 0.55
3339 0.36
3165 0.66
5311 0.55
6740 0.17
2043 0.11
6551 0.65
1760 0.43
2728 0.62
298 0.35
3675 0.02
5189 0.11
6252 0.55
1246 0.17
3328 0.60
559 0.45
3002 0.31
3767 0.53
9106 0.52
1079 0.43
2382 0.40
3772 0.71
707 0.40
3534 0.60
8196 0.65
1228 0.74
238 0.52
2580 0.72
3277 0.32
6769 0.56
4674 0.65
6775 0.50
6511 0.00
1290 0.13
6672 0.36
2078 0.70
5954 0.70
1855 0.56
3651 0.65
3800 0.36
8712 0.67
6054 0.72
4846 0.35
1624 0.13
3770 0.67
171 0.71
31 0.68
2056 0.71
3137 0.20
5872 0.53
8005 0.68
1531 0.34
1990 0.51
2708 0.05
8842 0.15
5936 0.41
831 0.12
3169 0.28
4374 0.65
2732 0.04
7552 0.25
9216 0.34
4319 0.05
7561 0.56
430 0.16
5250 0.25
8724 0.07
4349 0.43
628 0.07
8791 0.46
5161 0.65
9063 0.66
3434 0.65
2101 0.65
8509 0.10
9377 0.18
8159 0.13
1735 0.17
5448 0.08
3730 0.43
1658 0.61
8956 0.50
4368 0.55
9080 0.50
682 0.44
5047 0.66
3059 0.26
3914 0.33
4620 0.32
10137 0.65
8247 0.67
9257 0.44
3355 0.58
4705 0.34
4068 0.24
8551 0.63
4290 0.25
8499 0.58
9483 0.46
5116 0.02
519 0.45
7239 0.72
9302 0.67
406 0.09
7441 0.14
5146 0.45
5657 0.52
7043 0.26
2159 0.51
5257 0.63
8690 0.27
478 0.64
5398 0.16
7088 0.25
6196 0.59
8845 0.61
7377 0.52
9610 0.40
6972 0.06
7097 0.69
4536 0.55
5536 0.72
6760 0.53
8305 0.64
3512 0.34
6416 0.69
2423 0.29
8569 0.10
127 0.69
2547 0.13
9891 0.59
3464 0.75
2051 0.42
5084 0.11
5511 0.56
5288 0.38
8965 0.40
2070 0.57
3250 0.53
1802 0.68
7952 0.56
4266 0.48
9528 0.20
4141 0.54
3358 0.31
5611 0.51
7246 0.66
4461 0.53
6443 0.21
8630 0.30
2010 0.64
3114 0.55
9255 0.47
496 0.25
2186 0.62
3984 0.08
4302 0.06
9836 0.58
9910 0.27
1026 0.53
7646 0.00
4911 0.71
2764 0.41
6464 0.21
5456 0.70
9818 0.67
2600 0.60
1061 0.68
7482 0.49
4419 0.55
9739 0.67
2150 0.68
6742 0.45
5307 0.74
7965 0.59
888 0.12
2215 0.12
7183 0.05
2928 0.71
8030 0.72
1324 0.35
3159 0.75
5083 0.12
5572 0.65
7936 0.56
9084 0.21
6248 0.73
5709 0.46
5909 0.05
5366 0.16
5466 0.50
7068 0.68
9550 0.51
1329 0.37
6673 0.53
1015 0.70
8235 0.63
2948 0.59
5212 0.36
2213 0.50
4552 0.54
4023 0.05
3455 0.39
4679 0.04
7495 0.56
4159 0.68
4868 0.19
7911 0.51
3095 0.09
307 0.72
6752 0.42
2988 0.57
6768 0.48
1241 0.02
4792 0.59
273 0.34
6893 0.62
1308 0.04
143 0.57
287 0.60
5817 0.60
794 0.57
1422 0.60
552 0.58
5808 0.53
7288 0.68
8757 0.63
9140 0.57
2105 0.25
7418 0.40
385 0.21
9025 0.74
1868 0.19
3850 0.43
1532 0.12
642 0.27
9727 0.64
2909 0.44
1217 0.03
2183 0.04
8888 0.19
2207 0.26
5493 0.18
8 0.29
3839 0.02
6589 0.34
5061 0.01
2257 0.31
7551 0.42
3465 0.72
3516 0.40
4654 0.60
862 0.32
222 0.56
5728 0.01
6826 0.61
9600 0.28
448 0.04
2958 0.23
466 0.31
658 0.62
7735 0.43
5535 0.74
9917 0.55
4172 0.15
6306 0.17
836 0.68
1591 0.19
709 0.62
82 0.55
9299 0.53
3080 0.04
5873 0.09
7896 0.45
7632 0.22
6514 0.73
7862 0.26
3714 0.29
873 0.46
935 0.50
1143 0.33
3011 0.33
3385 0.24
8282 0.63
1282 0.58
6307 0.56
7256 0.41
9991 0.37
2468 0.33
4303 0.03
1860 0.16
960 0.55
9465 0.64
8740 0.61
3472 0.64
504 0.43
2439 0.12
3940 0.39
4428 0.22
5255 0.35
5970 0.64
9633 0.14
744 0.01
6489 0.65
7015 0.23
9803 0.67
6059 0.45
4179 0.22
5038 0.66
5692 0.58
9288 0.28
6855 0.18
7223 0.07
7428 0.62
8957 0.39
5066 0.48
6988 0.14
2460 0.25
1944 0.67
4821 0.36
1243 0.66
8390 0.07
4123 0.10
6964 0.39
2998 0.25
3037 0.54
7594 0.69
4505 0.70
6311 0.15
4619 0.75
3935 0.55
7370 0.37
6876 0.01
8893 0.09
3108 0.64
6077 0.54
9270 0.39
9977 0.02
7605 0.72
2900 0.75
8982 0.32
4062 0.50
93 0.69
10123 0.49
8165 0.56
2456 0.35
869 0.49
4542 0.56
5200 0.51
9331 0.35
6502 0.69
6691 0.74
2999 0.60
6838 0.62
5440 0.67
7366 0.63
570 0.59
8009 0.55
6067 0.49
982 0.51
1853 0.52
9166 0.50
9224 0.33
2830 0.22
2380 0.24
2876 0.57
947 0.31
7879 0.69
3272 0.45
1968 0.19
3429 0.65
5735 0.22
643 0.12
6571 0.64
4317 0.56
7107 0.71
9460 0.71
3273 0.68
4361 0.37
8799 0.51
710 0.59
1219 0.15
9562 0.57
6419 0.17
3819 0.71
6018 0.53
6544 0.60
7331 0.56
6851 0.13
2319 0.55
4354 0.54
1183 0.54
6774 0.28
5642 0.05
5839 0.14
8585 0.65
1381 0.04
4926 0.48
6962 0.73
10009 0.12
2615 0.09
6462 0.22
220 0.15
1791 0.25
2258 0.74
1702 0.71
2179 0.62
4707 0.11
7684 0.50
9942 0.19
4080 0.73
517 0.16
20 0.29
2160 0.18
2983 0.63
5293 0.57
3419 0.48
2485 0.71
7185 0.49
5884 0.06
1175 0.68
4902 0.37
4996 0.47
7549 0.35
7813 0.46
9291 0.72
8164 0.42
2916 0.49
8318 0.71
3344 0.27
5767 0.26
7616 0.06
10089 0.29
8638 0.47
10027 0.67
9139 0.70
7149 0.51
5390 0.64
7355 0.42
2563 0.60
467 0.57
1255 0.59
1620 0.52
9571 0.11
2820 0.62
8686 0.56
4917 0.69
924 0.26
1345 0.40
9410 0.47
37 0.32
8721 0.69
4566 0.69
5763 0.17
6298 0.67
3688 0.50
8228 0.21
1910 0.59
1675 0.17
7470 0.10
6149 0.09
2619 0.59
3777 0.72
8747 0.60
3868 0.54
2585 0.46
2001 0.31
5141 0.51
2364 0.43
6969 0.37
7201 0.10
6833 0.36
2233 0.51
9342 0.34
7658 0.52
8001 0.38
2041 0.16
5700 0.63
7889 0.68
3738 0.65
6016 0.35
2997 0.35
5778 0.42
1799 0.71
1980 0.20
1889 0.43
3221 0.30
5973 0.64
7807 0.32
956 0.47
9967 0.17
9113 0.36
3765 0.74
10090 0.65
3498 0.47
1781 0.62
4964 0.61
8000 0.63
1585 0.10
3503 0.23
9844 0.73
6868 0.43
678 0.54
5902 0.23
4627 0.19
60 0.04
2209 0.16
392 0.62
5486 0.49
2087 0.73
2414 0.41
8573 0.62
8248 0.53
3118 0.31
7745 0.63
3690 0.73
4110 0.30
564 0.70
7555 0.24
9056 0.37
1369 0.35
6650 0.60
2171 0.59
8067 0.43
6777 0.57
7281 0.36
870 0.10
1307 0.57
3858 0.46
5992 0.67
7537 0.10
7476 0.67
8041 0.11
8210 0.06
3791 0.75
1740 0.14
6162 0.39
7943 0.55
1098 0.21
7714 0.17
8938 0.10
2166 0.72
2334 0.26
9068 0.67
8185 0.45
1298 0.18
5140 0.69
6280 0.39
9079 0.58
2263 0.74
3285 0.67
2845 0.52
2936 0.68
4064 0.11
4854 0.31
2657 0.57
9050 0.09
6832 0.07
6549 0.11
9766 0.73
5326 0.36
5196 0.40
463 0.66
5090 0.71
3236 0.59
9706 0.73
7761 0.68
10072 0.62
514 0.72
4941 0.02
7145 0.55
1398 0.10
2836 0.27
687 0.52
5011 0.16
5445 0.04
1235 0.59
6586 0.34
3180 0.70
7136 0.73
927 0.07
7865 0.28
2822 0.29
5986 0.09
653 0.69
9656 0.69
8316 0.25
22 0.64
3091 0.70
7980 0.47
2311 0.67
1932 0.55
8960 0.02
1625 0.43
2520 0.70
1518 0.19
4914 0.68
8716 0.35
5100 0.37
4812 0.21
1957 0.62
7568 0.58
7277 0.29
7687 0.22
7819 0.74
8218 0.04
4973 0.51
8575 0.45
4572 0.56
6216 0.53
5859 0.50
9251 0.35
8838 0.64
978 0.44
2594 0.47
3616 0.72
4382 0.27
6906 0.59
1582 0.71
1119 0.44
6407 0.69
6707 0.59
5137 0.10
7290 0.55
9122 0.55
337 0.54
215 0.54
2208 0.11
3148 0.39
5393 0.52
965 0.56
5091 0.17
1274 0.19
3637 0.62
7892 0.64
6918 0.18
3795 0.66
9240 0.37
4567 0.51
878 0.70
6554 0.63
4856 0.52
7958 0.11
9686 0.09
5469 0.73
6085 0.27
6844 0.51
6354 0.38
2219 0.61
2606 0.57
596 0.20
8891 0.59
2355 0.44
4570 0.30
8719 0.32
944 0.35
2956 0.01
5515 0.64
5194 0.71
1072 0.70
7332 0.34
6031 0.33
717 0.13
957 0.43
8135 0.46
3970 0.73
4388 0.51
6751 0.28
987 0.51
9127 0.70
9841 0.02
5509 0.51
8817 0.29
9321 0.14
9538 0.46
4890 0.72
7898 0.63
7765 0.39
2938 0.43
8240 0.47
1301 0.02
2647 0.16
3175 0.39
3851 0.66
5822 0.61
6453 0.71
1230 0.50
7457 0.04
7959 0.09
6522 0.61
6249 0.45
3154 0.55
9862 0.13
6121 0.65
9085 0.31
7510 0.05
236 0.24
3357 0.40
3413 0.38
1408 0.34
2576 0.58
3340 0.42
1519 0.70
6891 0.57
2025 0.61
1201 0.46
5505 0.10
2182 0.50
4258 0.04
4568 0.14
1937 0.66
5658 0.62
8787 0.35
6835 0.67
9174 0.19
9869 0.61
6953 0.33
396 0.45
9461 0.57
9076 0.61
5283 0.43
8290 0.52
9496 0.08
3561 0.08
2290 0.67
7526 0.70
271 0.40
6986 0.35
2476 0.00
5020 0.70
7554 0.74
3743 0.10
6592 0.24
2559 0.53
8896 0.36
6613 0.08
5877 0.75
4304 0.45
8912 0.75
6778 0.03
2289 0.34
1538 0.29
5264 0.67
6623 0.74
6148 0.60
9549 0.57
803 0.39
2452 0.20
1392 0.06
9007 0.17
8048 0.48
8913 0.56
7420 0.00
8019 0.69
9806 0.63
1138 0.05
5483 0.74
7165 0.51
1052 0.19
1877 0.17
340 0.73
4351 0.72
8374 0.69
9444 0.22
5314 0.34
5273 0.10
7440 0.53
911 0.72
51 0.33
7460 0.23
5050 0.19
4164 0.48
6470 0.27
8021 0.50
5785 0.11
9595 0.68
1955 0.36
725 0.50
2239 0.49
3183 0.72
501 0.56
6128 0.74
5222 0.51
7597 0.10
1187 0.69
703 0.50
5805 0.33
1073 0.52
2102 0.51
4146 0.70
6360 0.30
78 0.30
1447 0.44
6805 0.30
2950 0.22
1956 0.12
5228 0.54
7757 0.37
4344 0.40
5528 0.62
5136 0.50
3833 0.64
7543 0.47
9949 0.25
3198 0.31
3582 0.26
7403 0.59
5324 0.68
7166 0.38
4538 0.19
9142 0.64
6276 0.02
1731 0.34
8493 0.43
8055 0.17
6411 0.59
9091 0.15
4752 0.37
177 0.14
6602 0.07
8134 0.17
9132 0.61
1917 0.09
3820 0.54
7093 0.57
2994 0.56
7984 0.68
9959 0.61
3054 0.41
3399 0.69
5649 0.69
948 0.28
4668 0.52
4629 0.24
7932 0.67
8101 0.52
4091 0.40
4126 0.72
6433 0.64
6519 0.16
6788 0.14
4206 0.55
9805 0.42
4071 0.43
5747 0.52
7212 0.01
4440 0.38
9008 0.68
3687 0.74
7116 0.40
10018 0.56
5131 0.34
1552 0.68
2850 0.57
6736 0.14
4489 0.59
555 0.63
6049 0.32
5551 0.11
415 0.63
1042 0.75
8692 0.70
6238 0.58
7280 0.52
3953 0.45
6552 0.24
4760 0.50
9267 0.51
9911 0.52
1406 0.09
9269 0.65
2966 0.30
1140 0.56
2688 0.01
1986 0.20
6134 0.22
9090 0.11
7656 0.73
5734 0.39
4708 0.68
793 0.36
5297 0.42
8501 0.30
1224 0.53
6277 0.05
1836 0.54
4540 0.50
7754 0.60
2436 0.54
3673 0.13
5607 0.27
7610 0.39
9322 0.73
2049 0.71
5482 0.09
1148 0.75
7318 0.05
10155 0.52
6208 0.03
8797 0.54
2276 0.66
7871 0.37
2094 0.62
1510 0.72
3234 0.35
7278 0.05
2944 0.50
217 0.52
5078 0.61
8943 0.38
7326 0.62
3098 0.68
10049 0.56
9241 0.71
265 0.21
7218 0.57
3739 0.15
7033 0.32
9577 0.61
5434 0.09
9682 0.13
7824 0.68
5022 0.57
3867 0.01
8865 0.61
2919 0.68
4980 0.01
5245 0.20
524 0.62
7894 0.53
7085 0.55
338 0.63
7766 0.30
8618 0.52
161 0.25
1512 0.68
5322 0.46
4666 0.69
4681 0.38
13 0.47
10056 0.07
5290 0.56
464 0.70
9296 0.58
5208 0.24
10078 0.05
4575 0.69
1749 0.71
1838 0.54
4357 0.50
6147 0.49
8049 0.14
5602 0.32
5650 0.53
644 0.30
7007 0.72
3536 0.49
7803 0.57
2515 0.41
2131 0.60
1565 0.55
8381 0.56
4942 0.60
7588 0.13
5261 0.74
3023 0.18
6913 0.56
8483 0.04
4369 0.63
3227 0.35
7433 0.52
8515 0.70
1708 0.60
1718 0.42
4043 0.04
1777 0.66
8054 0.15
7540 0.51
8271 0.67
7571 0.19
955 0.68
2957 0.65
4036 0.46
3215 0.62
2011 0.72
2309 0.62
1745 0.24
1277 0.55
3262 0.27
6555 0.27
7466 0.53
3110 0.74
604 0.55
6919 0.50
6450 0.60
9824 0.40
7711 0.27
635 0.32
1360 0.00
3365 0.22
4690 0.58
8554 0.54
964 0.24
5092 0.09
6692 0.65
6785 0.49
884 0.30
1732 0.53
7988 0.63
4334 0.67
9065 0.35
8438 0.29
253 0.57
9832 0.41
2337 0.67
4399 0.10
8754 0.71
611 0.56
5809 0.43
8330 0.71
8613 0.52
6255 0.44
8242 0.13
4355 0.33
3803 0.09
3871 0.30
5133 0.46
2255 0.65
75 0.61
8928 0.60
5465 0.72
4596 0.68
8794 0.40
3226 0.51
5243 0.03
9188 0.63
2735 0.72
6570 0.63
9105 0.61
3113 0.27
9533 0.64
364 0.55
1784 0.52
6963 0.08
5461 0.37
3942 0.68
7578 0.56
3411 0.12
4657 0.50
5337 0.12
1374 0.18
6279 0.48
4114 0.06
619 0.69
1856 0.74
4041 0.08
1455 0.03
6819 0.71
9517 0.55
5604 0.54
4841 0.71
6636 0.24
4918 0.67
5865 0.19
4704 0.52
8223 0.12
8651 0.43
5470 0.61
8386 0.02
4753 0.64
7790 0.74
6812 0.63
5142 0.65
10010 0.51
7319 0.29
8816 0.22
1942 0.73
6022 0.22
4716 0.56
1771 0.23
7199 0.75
8137 0.49
2176 0.03
824 0.51
1395 0.20
1796 0.56
4555 0.24
3197 0.73
8588 0.67
2853 0.37
5708 0.24
1938 0.52
4642 0.33
5587 0.40
5856 0.60
9480 0.21
9547 0.54
2081 0.23
2987 0.44
2991 0.58
3437 0.58
6533 0.54
6477 0.07
202 0.41
3104 0.25
1509 0.53
1869 0.16
8981 0.53
7108 0.38
8639 0.74
6797 0.02
3190 0.42
3917 0.64
1960 0.20
7293 0.72
6922 0.56
6395 0.21
751 0.58
8093 0.57
4422 0.43
1437 0.52
6548 0.52
1871 0.55
4201 0.11
4294 0.48
9960 0.54
291 0.43
2925 0.61
6011 0.69
2791 0.43
1776 0.62
9861 0.18
2174 0.53
2939 0.07
1057 0.29
7284 0.11
3579 0.48
360 0.74
5295 0.59
1973 0.01
5821 0.22
3921 0.27
6264 0.53
8377 0.34
7962 0.61
7651 0.64
8013 0.21
5661 0.14
6029 0.64
3287 0.17
4000 0.56
925 0.69
1316 0.63
3545 0.18
4152 0.68
5215 0.69
2435 0.57
4979 0.64
5388 0.10
2506 0.01
6168 0.30
5389 0.69
6724 0.56
5225 0.69
7423 0.26
9661 0.67
3778 0.24
7384 0.59
7431 0.17
3985 0.67
8452 0.03
2096 0.71
2454 0.55
1433 0.71
7796 0.71
5271 0.66
1541 0.24
7057 0.70
9659 0.37
6463 0.37
5527 0.61
9930 0.68
2035 0.64
3426 0.59
1595 0.13
6114 0.57
3710 0.12
1208 0.60
6823 0.74
795 0.17
945 0.68
3022 0.51
49 0.27
5950 0.63
3085 0.49
4030 0.72
2108 0.36
5987 0.23
8652 0.44
6004 0.17
3404 0.71
8958 0.13
9326 0.56
309 0.10
1703 0.47
3576 0.66
6036 0.15
7322 0.64
2548 0.57
5799 0.34
8119 0.37
8985 0.18
4669 0.60
5719 0.50
3042 0.51
4895 0.59
4283 0.33
6131 0.24
6856 0.55
9683 0.16
8883 0.53
5612 0.58
4234 0.74
5801 0.61
8197 0.33
7822 0.58
7971 0.58
4773 0.75
9265 0.44
7505 0.68
163 0.60
6791 0.31
7532 0.72
7269 0.61
1615 0.28
7016 0.66
811 0.61
5556 0.22
9570 0.75
4839 0.36
7904 0.41
8358 0.19
5697 0.75
9551 0.70
6062 0.55
9978 0.57
638 0.46
953 0.04
2466 0.69
2968 0.07
9597 0.65
8541 0.55
362 0.73
5043 0.06
120 0.65
1169 0.67
5369 0.74
4001 0.51
3448 0.69
3650 0.47
4741 0.58
6441 0.23
5989 0.01
8032 0.60
9522 0.32
2753 0.16
9471 0.51
5040 0.66
7977 0.72
1627 0.62
4814 0.65
7908 0.61
10075 0.69
9028 0.23
2772 0.64
9558 0.59
4446 0.58
6177 0.04
759 0.53
1078 0.54
6683 0.54
6413 0.07
8545 0.74
4248 0.47
4765 0.62
3204 0.22
3909 0.50
9807 0.65
2517 0.51
5236 0.24
807 0.44
1679 0.30
7035 0.22
8917 0.45
7445 0.52
4329 0.09
