5 0.37
15 0.31
23 0.58
8 0.64
9 0.41
28 0.59
13 0.62
38 0.14
66 0.71
14 0.67
29 0.34
32 0.53
17 0.50
26 0.51
33 0.67
18 0.55
77 0.06
22 0.22
4 0.26
27 0.22
41 0.50
35 0.14
114 0.08
297 0.69
118 0.69
132 0.40
78 0.04
136 0.50
71 0.24
76 0.03
137 0.73
25 0.72
34 0.40
143 0.55
69 0.43
144 0.04
47 0.45
245 0.51
58 0.54
246 0.27
24 0.67
253 0.59
42 0.50
51 0.07
65 0.47
7 0.68
68 0.46
2 0.06
46 0.04
70 0.70
53 0.68
113 0.59
117 0.70
67 0.58
133 0.59
195 0.34
36 0.15
37 0.21
10 0.71
16 0.63
250 0.04
20 0.71
30 0.63
60 0.28
21 0.73
72 0.32
63 0.20
44 0.44
40 0.63
64 0.53
12 0.56
43 0.73
54 0.48
48 0.33
175 0.22
179 0.56
180 0.40
191 0.52
49 0.11
274 0.68
83 0.72
6 0.39
62 0.10
50 0.52
95 0.02
11 0.75
91 0.43
56 0.16
88 0.24
89 0.29
92 0.33
61 0.40
79 0.56
45 0.40
57 0.73
259 0.21
19 0.62
75 0.00
31 0.68
73 0.21
59 0.57
55 0.24
110 0.07
139 0.40
199 0.22
39 0.01
82 0.56
81 0.60
74 0.46
262 0.66
120 0.67
162 0.44
184 0.69
189 0.22
190 0.66
210 0.17
255 0.56
264 0.38
266 0.49
256 0.64
87 0.52
52 0.31
218 0.27
261 0.38
86 0.63
3 0.19
121 0.65
205 0.61
105 0.70
106 0.55
90 0.11
93 0.25
123 0.15
84 0.58
247 0.59
98 0.16
249 0.63
85 0.24
125 0.43
111 0.63
112 0.26
99 0.49
104 0.06
257 0.20
94 0.70
97 0.43
108 0.70
107 0.67
101 0.03
103 0.24
80 0.51
127 0.69
172 0.08
181 0.02
102 0.34
219 0.68
223 0.37
260 0.70
209 0.55
214 0.57
145 0.56
168 0.01
115 0.74
149 0.13
150 0.62
248 0.19
138 0.66
258 0.61
141 0.52
186 0.14
252 0.73
146 0.57
171 0.51
237 0.55
124 0.15
163 0.71
273 0.58
126 0.67
134 0.63
267 0.04
135 0.48
212 0.18
165 0.30
173 0.08
153 0.75
96 0.56
271 0.75
295 0.56
263 0.58
170 0.12
243 0.05
244 0.41
130 0.62
142 0.02
131 0.51
182 0.66
116 0.71
157 0.65
100 0.61
109 0.23
140 0.72
119 0.65
283 0.33
309 0.07
310 0.49
147 0.58
167 0.46
269 0.36
280 0.70
285 0.54
284 0.52
161 0.51
281 0.41
185 0.01
251 0.52
166 0.59
174 0.72
265 0.51
169 0.28
270 0.51
238 0.63
272 0.45
213 0.12
122 0.50
201 0.15
254 0.62
217 0.51
268 0.59
221 0.23
177 0.52
193 0.71
129 0.17
128 0.19
289 0.68
286 0.44
211 0.61
227 0.21
230 0.73
231 0.58
232 0.01
235 0.61
187 0.05
202 0.07
278 0.59
197 0.02
198 0.44
183 0.49
164 0.54
236 0.04
154 0.50
203 0.46
151 0.70
204 0.22
176 0.44
194 0.33
288 0.17
178 0.19
148 0.52
155 0.32
156 0.02
279 0.09
291 0.28
152 0.71
293 0.23
294 0.04
158 0.25
296 0.29
