36 0.67
37 0.67
38 0.52
17 0.36
39 0.36
40 0.40
41 0.71
18 0.34
42 0.51
8 0.65
43 0.53
44 0.61
21 0.67
45 0.65
46 0.44
47 0.28
48 0.70
49 0.60
50 0.49
51 0.68
52 0.68
53 0.49
29 0.45
54 0.49
55 0.68
56 0.66
57 0.46
58 0.41
3 0.50
59 0.64
14 0.44
60 0.64
20 0.52
61 0.60
62 0.51
63 0.53
33 0.50
34 0.75
64 0.53
65 0.64
66 0.56
67 0.52
25 0.64
22 0.62
68 0.53
69 0.69
70 0.75
71 0.52
72 0.50
73 0.61
74 0.56
75 0.51
76 0.67
77 0.63
78 0.57
79 0.59
80 0.53
81 0.68
82 0.53
83 0.47
84 0.73
85 0.51
86 0.53
87 0.63
19 0.62
155 0.46
156 0.72
157 0.70
96 0.68
158 0.59
26 0.72
159 0.54
160 0.75
161 0.56
162 0.65
13 0.63
163 0.71
164 0.37
165 0.65
166 0.71
167 0.73
92 0.73
168 0.70
169 0.69
32 0.47
170 0.47
11 0.70
171 0.57
9500 0.63
172 0.73
173 0.75
174 0.69
175 0.51
147 0.60
176 0.53
177 0.68
178 0.75
179 0.74
180 0.60
181 0.74
182 0.53
183 0.29
30 0.59
124 0.72
184 0.71
185 0.27
186 0.56
187 0.72
188 0.74
189 0.65
190 0.74
191 0.66
192 0.26
193 0.54
194 0.66
195 0.61
196 0.63
197 0.72
198 0.52
199 0.54
200 0.67
201 0.71
202 0.75
203 0.58
204 0.72
205 0.59
206 0.66
207 0.68
208 0.69
209 0.65
210 0.64
103 0.54
31 0.54
211 0.69
212 0.53
23 0.54
213 0.34
214 0.66
215 0.27
216 0.59
89 0.53
217 0.73
218 0.42
219 0.75
220 0.63
221 0.69
222 0.53
223 0.71
224 0.64
225 0.41
226 0.60
227 0.59
228 0.69
229 0.31
230 0.65
231 0.42
232 0.63
233 0.42
234 0.33
235 0.58
236 0.61
237 0.68
238 0.69
239 0.54
240 0.70
241 0.41
242 0.51
243 0.35
244 0.42
245 0.58
246 0.50
247 0.65
248 0.55
249 0.69
250 0.27
251 0.58
252 0.58
253 0.54
254 0.73
255 0.56
256 0.61
257 0.66
258 0.35
259 0.64
260 0.46
261 0.73
262 0.56
263 0.56
264 0.57
265 0.63
266 0.55
267 0.53
268 0.71
146 0.62
269 0.41
270 0.30
271 0.50
272 0.72
273 0.70
274 0.52
275 0.37
140 0.25
276 0.63
277 0.65
126 0.51
278 0.31
279 0.69
24 0.56
280 0.30
281 0.55
282 0.62
283 0.47
284 0.65
285 0.69
286 0.40
129 0.72
287 0.42
125 0.30
288 0.34
289 0.60
290 0.69
291 0.51
292 0.69
293 0.31
294 0.73
295 0.60
296 0.47
297 0.65
298 0.51
299 0.65
300 0.72
301 0.73
302 0.60
303 0.53
304 0.61
305 0.51
306 0.67
307 0.71
308 0.72
309 0.57
310 0.73
97 0.48
311 0.35
312 0.68
313 0.60
314 0.56
315 0.56
316 0.68
317 0.57
318 0.68
319 0.70
320 0.60
321 0.56
322 0.61
323 0.32
324 0.64
325 0.63
326 0.67
327 0.46
328 0.56
329 0.64
330 0.62
331 0.66
332 0.44
333 0.71
334 0.66
122 0.63
335 0.69
336 0.73
337 0.69
338 0.60
339 0.62
340 0.73
341 0.56
342 0.52
343 0.65
344 0.60
345 0.41
346 0.71
101 0.43
347 0.74
348 0.53
349 0.38
350 0.63
351 0.59
352 0.72
353 0.37
354 0.43
27 0.63
355 0.73
356 0.53
357 0.72
358 0.73
359 0.68
372 0.45
117 0.25
373 0.72
374 0.63
375 0.72
376 0.61
377 0.62
90 0.63
378 0.52
379 0.64
380 0.67
381 0.47
382 0.52
383 0.64
384 0.69
385 0.63
386 0.55
387 0.66
388 0.69
389 0.64
390 0.68
391 0.60
392 0.26
393 0.67
12 0.56
394 0.40
395 0.66
396 0.73
397 0.69
102 0.63
400 0.75
401 0.54
402 0.54
136 0.63
403 0.41
404 0.45
405 0.64
406 0.56
407 0.71
408 0.65
409 0.52
410 0.42
411 0.36
412 0.56
413 0.47
414 0.74
415 0.28
416 0.61
417 0.40
418 0.74
419 0.46
420 0.57
421 0.71
422 0.37
423 0.61
424 0.52
425 0.53
426 0.62
427 0.75
428 0.58
429 0.31
430 0.58
431 0.54
432 0.38
433 0.65
434 0.65
435 0.75
436 0.69
437 0.60
438 0.54
439 0.52
440 0.72
441 0.69
442 0.53
443 0.60
444 0.73
445 0.61
446 0.31
447 0.33
448 0.53
449 0.74
450 0.52
451 0.33
452 0.74
398 0.73
453 0.58
454 0.39
455 0.27
456 0.58
457 0.68
458 0.73
459 0.51
460 0.27
461 0.70
462 0.56
463 0.52
464 0.66
465 0.65
466 0.35
467 0.29
468 0.74
469 0.69
470 0.67
471 0.67
472 0.53
473 0.71
474 0.31
475 0.60
476 0.54
477 0.62
478 0.38
479 0.75
480 0.38
481 0.47
482 0.54
483 0.47
484 0.64
485 0.59
486 0.29
487 0.43
488 0.28
489 0.66
490 0.54
491 0.64
492 0.56
493 0.36
494 0.50
495 0.67
496 0.72
497 0.43
498 0.38
499 0.66
500 0.54
501 0.32
502 0.38
503 0.35
504 0.59
505 0.53
506 0.65
507 0.75
508 0.46
509 0.31
510 0.59
511 0.57
512 0.55
513 0.70
514 0.70
515 0.68
516 0.64
517 0.40
518 0.33
519 0.56
520 0.64
521 0.26
522 0.66
523 0.41
524 0.52
525 0.68
526 0.50
527 0.27
528 0.59
529 0.70
530 0.59
531 0.63
532 0.50
533 0.66
534 0.70
535 0.63
536 0.52
537 0.56
538 0.58
539 0.41
540 0.65
541 0.65
542 0.51
543 0.41
544 0.66
545 0.71
546 0.56
547 0.55
548 0.40
365 0.50
549 0.70
363 0.65
550 0.65
551 0.71
552 0.58
553 0.69
554 0.68
555 0.51
556 0.49
557 0.51
558 0.30
559 0.69
560 0.66
561 0.61
562 0.53
563 0.40
564 0.46
565 0.56
566 0.59
567 0.55
568 0.74
569 0.64
570 0.52
571 0.69
572 0.71
573 0.30
574 0.47
575 0.61
135 0.67
576 0.57
577 0.65
578 0.61
579 0.60
580 0.25
581 0.68
582 0.73
583 0.72
584 0.52
585 0.72
586 0.69
587 0.44
588 0.71
589 0.55
590 0.61
591 0.64
592 0.72
593 0.57
594 0.72
595 0.56
596 0.69
597 0.55
598 0.54
599 0.29
600 0.66
601 0.28
602 0.66
603 0.58
604 0.69
605 0.54
606 0.63
607 0.37
608 0.64
609 0.52
610 0.67
611 0.30
612 0.68
613 0.67
614 0.47
615 0.72
616 0.60
617 0.69
618 0.31
619 0.55
620 0.40
621 0.38
622 0.27
623 0.59
624 0.45
625 0.75
626 0.65
627 0.44
628 0.69
629 0.49
630 0.49
631 0.45
632 0.75
633 0.71
634 0.61
635 0.55
636 0.63
637 0.74
638 0.41
639 0.75
640 0.44
641 0.63
642 0.37
643 0.28
644 0.56
645 0.39
646 0.61
647 0.70
648 0.73
649 0.55
650 0.39
651 0.73
652 0.65
653 0.66
654 0.62
655 0.69
656 0.56
657 0.69
658 0.61
659 0.53
660 0.48
661 0.48
662 0.55
663 0.50
664 0.56
665 0.54
666 0.67
667 0.38
668 0.34
120 0.40
669 0.60
670 0.27
671 0.33
672 0.55
673 0.65
674 0.52
675 0.68
676 0.70
677 0.74
678 0.51
679 0.60
680 0.67
681 0.59
682 0.55
683 0.60
684 0.51
685 0.61
686 0.46
687 0.70
688 0.71
143 0.68
689 0.46
690 0.69
691 0.66
692 0.28
693 0.49
694 0.60
695 0.57
696 0.59
697 0.60
698 0.72
699 0.50
700 0.34
701 0.43
702 0.51
703 0.66
704 0.60
705 0.53
706 0.57
707 0.34
708 0.75
709 0.62
710 0.73
711 0.40
712 0.46
713 0.72
714 0.72
715 0.52
716 0.67
717 0.69
718 0.39
719 0.55
720 0.71
721 0.45
722 0.60
723 0.55
724 0.66
725 0.52
726 0.63
727 0.38
728 0.35
729 0.64
730 0.64
731 0.57
732 0.54
733 0.49
734 0.56
752 0.65
753 0.29
754 0.53
755 0.52
756 0.69
757 0.70
758 0.36
759 0.53
760 0.42
761 0.60
762 0.51
370 0.64
763 0.29
764 0.62
765 0.60
737 0.65
766 0.41
767 0.52
768 0.64
769 0.56
740 0.55
770 0.55
749 0.60
771 0.43
772 0.69
773 0.71
774 0.72
775 0.64
776 0.55
777 0.69
778 0.55
779 0.67
780 0.62
781 0.69
782 0.66
783 0.60
784 0.45
785 0.59
786 0.73
787 0.68
788 0.63
789 0.75
790 0.64
736 0.39
791 0.69
104 0.68
792 0.26
793 0.53
794 0.73
795 0.61
796 0.57
797 0.69
798 0.68
799 0.64
800 0.64
801 0.35
802 0.55
803 0.65
804 0.41
805 0.66
806 0.61
142 0.64
807 0.26
808 0.73
809 0.65
810 0.69
811 0.55
812 0.75
813 0.54
814 0.54
815 0.64
816 0.46
817 0.62
818 0.71
819 0.58
820 0.58
821 0.58
822 0.50
823 0.65
824 0.51
825 0.55
826 0.62
827 0.52
828 0.34
829 0.28
830 0.38
831 0.26
832 0.69
833 0.67
834 0.58
835 0.33
836 0.54
837 0.74
839 0.61
840 0.48
841 0.74
842 0.62
843 0.67
844 0.56
845 0.55
846 0.34
847 0.71
848 0.61
849 0.56
850 0.64
851 0.58
852 0.26
853 0.43
854 0.75
855 0.30
856 0.39
857 0.74
858 0.50
859 0.67
860 0.43
861 0.58
862 0.72
863 0.55
864 0.71
865 0.72
866 0.47
867 0.38
868 0.59
869 0.61
870 0.70
871 0.61
872 0.56
873 0.58
874 0.64
875 0.60
876 0.36
877 0.66
878 0.73
879 0.25
880 0.25
881 0.32
882 0.65
883 0.71
746 0.72
884 0.49
885 0.55
886 0.71
743 0.34
887 0.38
888 0.57
889 0.60
890 0.63
891 0.65
892 0.35
893 0.63
894 0.48
895 0.27
896 0.44
897 0.63
898 0.65
899 0.60
900 0.64
901 0.52
902 0.65
903 0.74
904 0.41
905 0.73
744 0.56
906 0.71
907 0.65
908 0.39
909 0.49
910 0.68
911 0.56
912 0.56
913 0.40
914 0.55
915 0.71
916 0.58
152 0.70
917 0.59
918 0.40
919 0.60
920 0.74
921 0.61
922 0.56
923 0.71
924 0.47
925 0.33
926 0.62
927 0.53
928 0.60
929 0.71
930 0.55
931 0.71
932 0.59
933 0.73
934 0.72
935 0.63
936 0.27
937 0.68
938 0.54
939 0.68
940 0.68
941 0.33
942 0.50
943 0.72
944 0.32
945 0.58
946 0.50
747 0.67
947 0.62
948 0.41
949 0.67
950 0.69
951 0.70
952 0.27
953 0.54
954 0.38
955 0.74
956 0.31
360 0.32
957 0.52
958 0.39
959 0.54
960 0.56
961 0.62
962 0.63
963 0.53
964 0.67
965 0.60
966 0.74
967 0.54
968 0.73
972 0.61
973 0.63
974 0.41
975 0.57
976 0.62
977 0.74
978 0.38
979 0.58
980 0.26
981 0.58
982 0.64
983 0.53
984 0.56
985 0.36
986 0.65
987 0.62
988 0.46
989 0.54
990 0.28
991 0.75
992 0.69
993 0.37
994 0.39
995 0.75
996 0.74
997 0.40
998 0.53
999 0.62
1000 0.43
1001 0.72
1002 0.59
1003 0.63
1004 0.53
1005 0.74
1006 0.69
1007 0.29
1008 0.74
1009 0.59
1010 0.57
1011 0.67
371 0.52
153 0.74
1012 0.67
1013 0.33
1014 0.70
1015 0.60
1020 0.43
1021 0.75
1022 0.75
1023 0.74
1024 0.67
1025 0.25
1026 0.58
1027 0.28
1028 0.67
1029 0.63
1030 0.62
1031 0.49
1032 0.27
1033 0.44
1034 0.69
1035 0.58
1036 0.61
1037 0.43
1038 0.57
1039 0.37
1040 0.56
1041 0.65
1042 0.30
1043 0.62
1044 0.67
1045 0.54
1046 0.27
1047 0.68
1048 0.65
1049 0.45
1050 0.65
1051 0.49
1052 0.69
1053 0.53
1054 0.57
1055 0.61
1056 0.63
1057 0.56
1058 0.58
1059 0.53
1060 0.36
1061 0.68
1062 0.30
1063 0.69
1064 0.58
1065 0.74
1066 0.70
1067 0.58
1068 0.68
1069 0.66
1070 0.53
1071 0.66
1072 0.29
1073 0.49
1074 0.74
1075 0.54
1076 0.41
1077 0.51
1078 0.74
1079 0.56
1080 0.59
1081 0.59
1082 0.29
1083 0.66
1084 0.57
1085 0.29
1086 0.53
1087 0.55
1088 0.55
1091 0.50
1092 0.61
1093 0.41
1094 0.71
1095 0.73
1096 0.66
1097 0.36
1098 0.68
1099 0.32
1100 0.65
1101 0.27
1102 0.53
1103 0.51
1104 0.74
1105 0.36
1106 0.55
1107 0.73
1108 0.67
1109 0.58
1110 0.67
1111 0.28
1112 0.32
1113 0.55
1114 0.63
1115 0.53
1116 0.53
1117 0.51
1118 0.63
1119 0.63
1120 0.55
1121 0.71
1122 0.66
1123 0.63
1124 0.58
1125 0.62
1126 0.40
1127 0.69
1128 0.59
1129 0.73
1130 0.72
1131 0.55
1132 0.71
1133 0.71
1134 0.54
1135 0.66
1019 0.64
1136 0.66
1137 0.67
1138 0.57
1139 0.45
1142 0.54
1143 0.61
1144 0.55
1145 0.31
1146 0.70
1147 0.53
1148 0.50
1149 0.55
1150 0.40
1151 0.64
1152 0.57
1153 0.51
1154 0.40
1155 0.32
1156 0.43
1157 0.54
10 0.67
1158 0.66
1159 0.67
1160 0.74
1161 0.26
1162 0.74
1163 0.65
1164 0.55
1165 0.37
1166 0.27
1167 0.33
1168 0.54
1169 0.65
1170 0.61
1171 0.60
1172 0.55
1173 0.64
1174 0.50
1175 0.64
1176 0.50
1177 0.39
1178 0.52
1179 0.51
1180 0.60
1181 0.64
1182 0.54
1183 0.70
1184 0.56
1185 0.74
1186 0.63
1187 0.71
1188 0.26
1189 0.72
1190 0.40
1191 0.73
1192 0.56
1193 0.42
1194 0.58
1195 0.74
1198 0.55
1199 0.35
1200 0.55
1201 0.66
1202 0.41
1203 0.73
1204 0.63
1205 0.50
1206 0.52
1207 0.49
1208 0.58
1209 0.58
1210 0.73
1211 0.60
1212 0.28
1213 0.63
1214 0.65
1215 0.58
1216 0.43
1217 0.65
1218 0.68
1219 0.57
1220 0.58
1221 0.55
1222 0.66
1223 0.70
1224 0.74
1225 0.73
1226 0.27
1227 0.60
1228 0.69
1229 0.53
1230 0.48
1231 0.74
1232 0.59
1233 0.27
1234 0.67
1235 0.52
1236 0.54
1237 0.72
1238 0.61
1239 0.61
1240 0.64
1241 0.70
1242 0.52
1243 0.65
1244 0.51
1245 0.63
1246 0.47
1247 0.57
1248 0.75
1249 0.56
1250 0.49
1251 0.41
1252 0.25
1253 0.30
741 0.65
1254 0.34
1255 0.30
1256 0.52
1257 0.54
1258 0.61
1259 0.53
1260 0.63
1261 0.35
1262 0.61
1263 0.64
1264 0.56
1265 0.59
1266 0.61
1267 0.53
1268 0.39
1269 0.67
1270 0.53
1271 0.57
1272 0.61
1273 0.26
1274 0.36
1275 0.69
1276 0.53
1277 0.27
1278 0.51
1279 0.47
1280 0.66
1281 0.55
1282 0.62
1283 0.35
1284 0.57
1285 0.74
1286 0.59
1287 0.64
1288 0.61
1289 0.71
1290 0.59
1291 0.62
1292 0.56
1293 0.69
1294 0.71
1295 0.40
1296 0.63
1297 0.61
1298 0.59
1299 0.69
1300 0.57
1301 0.75
1302 0.53
1303 0.51
1304 0.53
1305 0.48
1306 0.68
1307 0.65
16 0.55
1308 0.42
1309 0.71
1310 0.70
1311 0.66
1312 0.74
1313 0.54
1314 0.59
1315 0.73
1316 0.64
1317 0.71
1318 0.33
1319 0.64
1320 0.68
1321 0.54
1322 0.61
1323 0.72
1324 0.54
1325 0.64
1326 0.57
1089 0.72
1327 0.50
1330 0.63
1331 0.32
1332 0.55
1333 0.63
1334 0.55
1335 0.33
1336 0.62
1337 0.62
1338 0.66
1339 0.63
1340 0.57
1341 0.68
1342 0.64
1343 0.31
1329 0.29
1344 0.62
1345 0.51
1346 0.61
1347 0.70
1348 0.65
1349 0.67
1350 0.41
1351 0.39
1352 0.26
1353 0.67
1354 0.52
1355 0.60
1356 0.66
138 0.65
1357 0.65
1358 0.67
1359 0.37
1360 0.60
1361 0.73
1362 0.28
1363 0.55
1364 0.63
1365 0.35
1366 0.53
1367 0.64
1368 0.49
1369 0.67
1370 0.59
1371 0.63
1372 0.58
1373 0.51
1374 0.64
1375 0.63
1376 0.55
1377 0.60
1378 0.62
1379 0.60
1380 0.60
1381 0.59
1382 0.51
1383 0.61
1384 0.37
1385 0.67
1386 0.64
145 0.74
1387 0.42
1388 0.69
1389 0.59
1390 0.73
1391 0.69
1392 0.61
1393 0.40
1394 0.67
1395 0.54
1396 0.65
1397 0.58
1398 0.29
1399 0.57
1400 0.66
1401 0.67
1402 0.65
1403 0.68
1404 0.33
1405 0.73
1406 0.44
1407 0.31
1408 0.59
1409 0.58
1410 0.45
1411 0.58
1412 0.50
1413 0.58
1414 0.52
1415 0.62
1416 0.55
1417 0.53
1418 0.63
1419 0.44
1420 0.55
745 0.68
1421 0.27
1422 0.73
1423 0.62
1424 0.30
1425 0.69
1426 0.58
1427 0.46
1428 0.67
1429 0.51
1430 0.52
1431 0.55
1432 0.63
1433 0.61
1434 0.39
1435 0.70
1436 0.51
1437 0.42
121 0.51
1438 0.61
1439 0.55
1440 0.27
1441 0.64
1442 0.72
1443 0.72
1444 0.48
1445 0.54
1446 0.58
1447 0.64
1448 0.67
1449 0.67
1450 0.53
1451 0.63
1452 0.63
1453 0.56
1454 0.69
1455 0.52
1456 0.61
1457 0.68
1458 0.53
1459 0.55
1460 0.45
1461 0.75
1462 0.49
1463 0.71
1464 0.50
1465 0.50
1466 0.74
1467 0.75
1468 0.55
1469 0.68
1470 0.25
1471 0.46
1472 0.75
1473 0.44
1474 0.64
1475 0.67
1476 0.33
1477 0.63
1478 0.64
1479 0.60
738 0.65
1480 0.73
1481 0.42
1482 0.50
1483 0.59
1484 0.51
1485 0.52
1486 0.52
1487 0.53
98 0.71
1488 0.26
1489 0.63
1490 0.63
1491 0.52
750 0.56
1492 0.52
1493 0.63
1494 0.43
1495 0.73
1496 0.53
1497 0.49
1498 0.50
1499 0.44
1500 0.52
1501 0.33
1503 0.55
1504 0.66
1505 0.64
1506 0.54
1507 0.47
1508 0.64
1509 0.53
1510 0.59
1511 0.63
1512 0.61
1514 0.53
1515 0.73
1516 0.61
1517 0.61
1518 0.34
1519 0.27
1520 0.63
1521 0.26
1522 0.74
1523 0.59
1524 0.55
1525 0.61
1526 0.52
1527 0.46
1528 0.43
4 0.60
1529 0.60
1530 0.55
1531 0.25
1532 0.60
1533 0.26
1534 0.67
1535 0.56
1536 0.59
1537 0.49
1538 0.46
1539 0.71
1540 0.26
1541 0.69
1542 0.57
1543 0.58
1544 0.56
1545 0.63
1546 0.68
1547 0.53
1548 0.74
1549 0.61
1550 0.59
1551 0.45
1552 0.41
1553 0.56
1554 0.60
1555 0.63
1556 0.73
1557 0.70
1558 0.28
1559 0.66
1560 0.71
1561 0.35
1562 0.73
1563 0.58
1564 0.52
1565 0.69
1566 0.40
1567 0.65
1568 0.68
1569 0.70
1570 0.59
1571 0.41
1572 0.56
1573 0.54
1574 0.33
1575 0.64
1576 0.70
1577 0.55
1578 0.68
1579 0.73
1580 0.62
1581 0.56
1582 0.62
1583 0.55
1584 0.60
1585 0.58
1586 0.62
1587 0.62
1588 0.56
1589 0.73
1590 0.35
1591 0.71
1592 0.48
1593 0.51
1594 0.32
94 0.50
1595 0.63
1596 0.63
1597 0.61
1598 0.74
1599 0.33
1600 0.30
1601 0.50
1602 0.37
1603 0.54
1604 0.52
1605 0.69
1606 0.34
1607 0.57
1608 0.64
1609 0.63
1610 0.74
1611 0.65
1612 0.57
1613 0.72
1614 0.66
1615 0.66
1616 0.63
1617 0.60
1618 0.69
1619 0.68
1620 0.59
1621 0.37
1622 0.70
1623 0.57
1624 0.70
1625 0.48
1626 0.57
1627 0.60
1628 0.52
1629 0.48
1630 0.59
1631 0.26
1632 0.55
1633 0.61
1634 0.53
1635 0.61
1636 0.75
1637 0.51
1640 0.64
1641 0.51
1642 0.51
1643 0.59
1644 0.66
1645 0.26
1646 0.70
1647 0.74
1648 0.65
1649 0.74
1650 0.26
1651 0.57
1652 0.68
1653 0.55
1654 0.70
1655 0.73
1656 0.73
1657 0.61
1658 0.64
1659 0.57
1660 0.64
1661 0.59
1662 0.66
1663 0.62
1664 0.68
1665 0.69
1666 0.59
1667 0.56
1668 0.48
1669 0.59
1670 0.32
1671 0.38
1672 0.54
1673 0.67
1674 0.40
1675 0.68
1676 0.59
1677 0.51
1678 0.66
1679 0.61
1680 0.62
1681 0.74
1682 0.71
1683 0.48
1684 0.30
1513 0.53
1685 0.52
1686 0.54
1687 0.57
1688 0.67
1689 0.66
1690 0.58
9 0.65
1691 0.53
1692 0.51
1693 0.68
1694 0.71
1695 0.54
1696 0.68
1697 0.48
1698 0.74
1699 0.71
1700 0.39
1701 0.60
1702 0.65
1703 0.74
1704 0.56
1705 0.60
1706 0.52
1707 0.58
1708 0.64
1709 0.64
1710 0.65
1711 0.65
1712 0.52
1713 0.41
1714 0.72
1715 0.74
1716 0.69
1717 0.54
1718 0.30
1719 0.31
1720 0.31
1721 0.51
1722 0.48
1723 0.75
1724 0.51
1725 0.49
1726 0.62
1727 0.26
1728 0.40
1729 0.57
1730 0.25
1731 0.57
1732 0.74
1733 0.51
1734 0.66
1735 0.35
1736 0.60
1737 0.73
1738 0.53
1739 0.64
1740 0.63
1741 0.55
1742 0.53
1743 0.62
1744 0.52
1745 0.33
1746 0.55
1747 0.64
1748 0.72
1749 0.54
1017 0.54
1750 0.35
1751 0.36
1752 0.57
1753 0.60
1754 0.65
1755 0.61
1756 0.62
1757 0.58
1758 0.60
1759 0.45
1760 0.52
1761 0.40
1762 0.49
1763 0.28
1764 0.60
1765 0.54
1766 0.42
1767 0.62
1768 0.68
1769 0.44
1770 0.27
1771 0.58
1772 0.61
1773 0.64
1774 0.51
1775 0.42
1776 0.67
1777 0.60
1778 0.61
1779 0.61
1780 0.70
1781 0.66
1782 0.72
1783 0.36
1784 0.30
1785 0.56
1786 0.49
1787 0.54
1788 0.66
1789 0.60
1638 0.60
1639 0.72
1790 0.55
1791 0.56
1792 0.68
1793 0.48
1794 0.30
1795 0.57
1796 0.54
1797 0.68
1798 0.75
1799 0.50
1800 0.42
1801 0.55
1802 0.74
1803 0.30
1804 0.65
1805 0.26
1806 0.57
1807 0.52
1808 0.62
1809 0.49
1810 0.43
1811 0.73
1812 0.47
1813 0.51
1814 0.60
1815 0.56
1816 0.70
1817 0.61
1818 0.55
1819 0.31
1820 0.70
1821 0.66
1822 0.64
1823 0.31
1824 0.71
1825 0.26
1826 0.36
1827 0.59
1828 0.50
1829 0.70
1830 0.58
1831 0.36
1832 0.67
1833 0.54
1834 0.33
1835 0.29
1838 0.55
1839 0.63
1840 0.48
1841 0.53
1842 0.73
1843 0.75
1844 0.65
1845 0.46
1846 0.55
1847 0.56
1848 0.26
1849 0.73
1850 0.48
1851 0.26
1852 0.71
1853 0.39
1854 0.73
1855 0.74
1856 0.39
1857 0.69
1858 0.55
1859 0.53
1860 0.64
1861 0.52
1862 0.46
1863 0.29
1864 0.41
1865 0.52
1866 0.59
1867 0.53
150 0.69
1868 0.68
1869 0.29
1870 0.74
1871 0.59
1872 0.41
1873 0.53
1874 0.73
1875 0.59
1876 0.48
1877 0.52
1878 0.56
1879 0.58
1880 0.39
1881 0.56
1882 0.44
1883 0.45
1884 0.59
1885 0.50
1886 0.65
1887 0.42
1888 0.57
1889 0.66
1890 0.59
1891 0.45
1892 0.56
1893 0.67
1894 0.52
1895 0.68
1896 0.71
1897 0.64
1898 0.64
1899 0.51
1900 0.66
1901 0.60
1902 0.56
1903 0.72
1904 0.67
1905 0.66
1906 0.70
1907 0.63
1908 0.33
1909 0.51
1910 0.67
1911 0.52
1912 0.68
1913 0.70
1914 0.69
1915 0.52
1930 0.69
1931 0.51
1932 0.68
1933 0.66
1934 0.51
1935 0.68
1936 0.61
1937 0.62
1938 0.67
35 0.29
1939 0.66
1940 0.66
1941 0.53
1942 0.59
1943 0.49
1944 0.67
1945 0.56
1946 0.74
1947 0.31
1948 0.73
1949 0.55
1950 0.38
1951 0.70
1952 0.53
1953 0.70
1954 0.63
1955 0.65
1956 0.47
1957 0.58
1958 0.51
1959 0.61
1960 0.54
1961 0.70
1962 0.46
1963 0.54
1964 0.57
1965 0.70
369 0.31
1966 0.56
1967 0.54
1968 0.49
1969 0.63
1970 0.33
1971 0.72
1972 0.42
1973 0.53
1974 0.75
1975 0.69
1976 0.29
1977 0.57
1978 0.69
1979 0.69
1980 0.66
1981 0.71
1982 0.49
1983 0.60
1984 0.74
1985 0.48
1986 0.65
1987 0.37
1988 0.48
1989 0.57
1990 0.52
1991 0.69
1992 0.54
1993 0.73
1994 0.55
1995 0.73
1996 0.27
1997 0.59
1998 0.69
1999 0.30
2000 0.72
2001 0.59
2002 0.73
2003 0.52
2004 0.29
2005 0.53
2006 0.72
2007 0.43
2008 0.61
2009 0.64
2010 0.33
2011 0.59
2012 0.51
2013 0.54
2014 0.59
2015 0.46
2016 0.52
2017 0.55
2018 0.41
2019 0.60
2020 0.54
2021 0.75
2022 0.61
2023 0.55
2024 0.68
2025 0.54
2026 0.75
2027 0.65
2028 0.65
2029 0.68
2030 0.67
2031 0.66
2032 0.68
2033 0.74
2034 0.52
2035 0.75
2036 0.56
2037 0.50
2038 0.73
2039 0.58
2040 0.34
2041 0.61
2042 0.62
2043 0.73
2044 0.40
2045 0.73
2046 0.62
2047 0.53
2048 0.38
2049 0.58
2050 0.28
2051 0.55
2052 0.51
2053 0.70
2054 0.61
2055 0.28
2056 0.62
2057 0.62
2058 0.68
2061 0.50
2063 0.35
2064 0.54
2065 0.39
2066 0.53
2067 0.43
2071 0.53
2072 0.67
2073 0.35
2074 0.64
2075 0.66
2076 0.75
2078 0.59
2079 0.56
2080 0.69
2081 0.65
128 0.52
2082 0.57
2083 0.56
2084 0.43
2085 0.56
2086 0.64
2087 0.50
2088 0.28
2089 0.58
2090 0.62
2091 0.37
2092 0.62
154 0.51
2093 0.29
2094 0.60
2095 0.59
2096 0.41
2097 0.37
2098 0.68
2099 0.63
2100 0.42
2101 0.51
2102 0.28
2103 0.63
2104 0.54
2105 0.62
2106 0.36
2107 0.61
2108 0.62
2109 0.50
2110 0.61
2111 0.56
2112 0.61
2113 0.67
2114 0.35
2115 0.46
2116 0.71
2117 0.52
2118 0.67
2119 0.68
2120 0.49
2121 0.47
2122 0.48
2123 0.75
2124 0.55
2125 0.65
2126 0.37
2127 0.55
2128 0.72
2129 0.72
2130 0.63
2131 0.73
2132 0.51
2133 0.68
2134 0.43
2135 0.55
2136 0.28
2070 0.75
2137 0.47
2138 0.67
2139 0.65
2140 0.65
2141 0.73
2142 0.56
2143 0.58
2144 0.62
2145 0.65
2146 0.54
2147 0.72
2148 0.73
2149 0.55
2150 0.61
2151 0.38
2152 0.59
2153 0.50
2068 0.52
2154 0.53
2155 0.69
2156 0.70
2157 0.70
2158 0.55
2159 0.58
2160 0.65
2161 0.67
2162 0.57
2163 0.55
2164 0.27
2165 0.60
2166 0.61
2167 0.56
2168 0.71
2169 0.56
2170 0.39
2171 0.75
2172 0.29
2173 0.72
2174 0.55
2175 0.58
2176 0.54
2177 0.55
2178 0.70
2179 0.71
2180 0.73
2181 0.53
2182 0.74
2183 0.69
2184 0.34
2185 0.32
2186 0.54
2187 0.75
2188 0.63
2189 0.41
2190 0.50
2191 0.51
2192 0.71
2193 0.64
2194 0.53
2195 0.26
2196 0.71
2197 0.63
2198 0.34
2199 0.59
2200 0.75
2201 0.69
2202 0.59
2203 0.65
2204 0.49
127 0.67
2205 0.60
2206 0.60
2207 0.43
2208 0.31
2209 0.26
2210 0.63
2211 0.64
2212 0.52
2213 0.58
2214 0.71
2215 0.74
2216 0.52
2217 0.66
2218 0.69
2219 0.58
2220 0.72
2221 0.37
2222 0.64
2223 0.37
2224 0.65
2225 0.53
2226 0.71
2227 0.67
2228 0.64
2229 0.67
2232 0.60
2233 0.53
2234 0.66
2235 0.72
2236 0.62
1018 0.27
2077 0.55
2237 0.34
2238 0.32
2239 0.44
2240 0.34
2241 0.59
2242 0.74
2243 0.64
2244 0.70
2245 0.65
2246 0.25
2247 0.75
2248 0.68
2249 0.43
2250 0.62
2251 0.56
2252 0.54
2254 0.74
2255 0.37
2256 0.30
2257 0.65
2258 0.45
2259 0.70
2260 0.66
2261 0.52
2262 0.59
2263 0.56
2264 0.62
2265 0.57
2266 0.56
2267 0.58
2268 0.60
2269 0.52
2270 0.63
2271 0.75
2272 0.52
2273 0.58
2274 0.70
2275 0.69
2276 0.60
2277 0.67
2278 0.69
2279 0.55
2280 0.30
2281 0.74
2282 0.47
2283 0.52
2284 0.73
2285 0.75
2286 0.59
2287 0.73
2288 0.58
2289 0.28
2290 0.50
2291 0.65
2292 0.72
2231 0.62
2293 0.41
2294 0.54
2295 0.47
2296 0.68
2297 0.58
2298 0.37
2299 0.71
2300 0.58
2301 0.69
2302 0.35
2303 0.72
2304 0.49
2305 0.72
2306 0.62
2307 0.68
2308 0.68
2309 0.47
2310 0.74
2311 0.58
2312 0.31
2313 0.47
2314 0.55
2315 0.58
2316 0.56
2317 0.40
2318 0.62
2319 0.71
2320 0.38
2321 0.53
2322 0.70
2323 0.61
2324 0.70
2325 0.73
2326 0.31
2327 0.26
2328 0.74
2329 0.51
2330 0.52
2331 0.52
2332 0.71
2333 0.57
2335 0.67
2336 0.46
2337 0.43
2338 0.63
2339 0.52
2340 0.35
2341 0.38
2342 0.64
2343 0.61
2344 0.67
2345 0.32
2346 0.66
2347 0.68
2348 0.62
2349 0.45
2350 0.52
2351 0.61
2352 0.32
2353 0.48
2354 0.48
2355 0.52
2356 0.55
2357 0.64
2358 0.42
2359 0.66
2360 0.45
2361 0.54
2362 0.43
2363 0.58
2364 0.50
2365 0.74
2366 0.63
2367 0.39
2368 0.38
2369 0.51
2370 0.30
1921 0.41
1922 0.64
2371 0.51
2372 0.66
2373 0.66
2374 0.51
2375 0.26
2376 0.44
2379 0.53
2380 0.55
2381 0.73
2382 0.51
2383 0.61
2384 0.68
2385 0.70
2386 0.56
2387 0.60
2388 0.62
2389 0.57
2390 0.54
2391 0.55
2392 0.73
2393 0.55
2394 0.33
2395 0.54
2396 0.64
2397 0.43
2398 0.29
2399 0.69
2400 0.63
2401 0.58
2402 0.38
2403 0.56
2404 0.72
2405 0.62
2406 0.29
2407 0.52
2408 0.43
2409 0.58
2410 0.65
2411 0.67
2412 0.71
2413 0.34
2414 0.25
2415 0.70
2416 0.63
838 0.72
2417 0.65
2418 0.68
2419 0.73
2420 0.55
2421 0.73
2422 0.61
2423 0.40
2424 0.64
2425 0.60
2426 0.67
2427 0.60
2428 0.66
2429 0.29
2430 0.51
2431 0.33
2432 0.73
2433 0.64
2434 0.54
2435 0.61
2436 0.68
2437 0.57
2438 0.51
2439 0.31
2440 0.34
2441 0.63
2442 0.39
2443 0.38
2444 0.60
2445 0.64
2446 0.55
2447 0.67
2448 0.62
2449 0.57
2450 0.69
2451 0.61
2452 0.61
2453 0.56
2454 0.30
2455 0.67
2456 0.73
2457 0.67
2458 0.64
2459 0.53
2460 0.71
2461 0.52
2462 0.34
2463 0.74
2464 0.66
2465 0.54
2466 0.54
2467 0.38
2468 0.66
2469 0.45
2470 0.29
2471 0.61
2472 0.57
2473 0.56
2474 0.60
2475 0.39
2476 0.65
2477 0.63
2478 0.69
2479 0.65
2480 0.70
2481 0.55
2482 0.52
2483 0.60
2484 0.68
2485 0.32
2486 0.57
2487 0.66
2488 0.40
2489 0.31
2490 0.61
2491 0.65
2492 0.67
2493 0.73
2494 0.46
2495 0.67
2496 0.47
2497 0.74
2498 0.59
2499 0.74
2500 0.70
2501 0.45
2502 0.67
2503 0.45
2504 0.72
2505 0.50
2506 0.74
2507 0.66
2508 0.56
2509 0.73
2510 0.60
2511 0.71
2512 0.72
2513 0.63
2514 0.72
2515 0.58
2516 0.43
2517 0.51
971 0.71
2518 0.74
2519 0.28
2520 0.51
2521 0.68
2522 0.55
2523 0.42
2524 0.33
2525 0.62
2526 0.41
2527 0.64
2528 0.65
2529 0.58
2530 0.63
2531 0.74
2532 0.68
2533 0.72
2534 0.63
2535 0.52
2536 0.51
2537 0.69
2538 0.61
2539 0.73
2540 0.27
2541 0.69
2542 0.60
2543 0.55
2544 0.65
2545 0.74
2546 0.70
2547 0.53
2548 0.61
2549 0.41
2550 0.41
2551 0.67
2552 0.57
2553 0.57
2554 0.70
2555 0.55
2556 0.64
2557 0.65
2558 0.53
2559 0.62
2560 0.66
1016 0.48
2561 0.67
2562 0.74
2563 0.55
2564 0.51
2565 0.27
2566 0.65
2567 0.54
2568 0.32
2569 0.74
2570 0.40
2571 0.56
2572 0.72
2573 0.69
2574 0.67
2575 0.73
2576 0.26
2577 0.54
2578 0.65
2579 0.53
2580 0.69
2581 0.51
2582 0.50
2583 0.62
2584 0.75
1502 0.65
2585 0.71
2586 0.73
2587 0.53
2588 0.57
1140 0.75
2589 0.70
2590 0.75
2591 0.63
2592 0.57
2593 0.74
2594 0.74
2595 0.68
2596 0.74
2597 0.58
2598 0.71
2599 0.55
2600 0.69
2601 0.61
2602 0.56
2603 0.67
2604 0.66
2605 0.44
2606 0.58
2607 0.75
2608 0.52
2609 0.67
2610 0.49
2611 0.75
2613 0.47
2614 0.73
2615 0.29
2616 0.37
2617 0.64
2618 0.63
2619 0.63
2620 0.35
2621 0.60
2622 0.25
2623 0.63
2624 0.58
2625 0.71
2626 0.59
2627 0.66
2628 0.54
2629 0.59
2630 0.59
2631 0.54
2632 0.47
2633 0.44
2634 0.49
2635 0.68
2636 0.68
2637 0.59
2638 0.69
2639 0.65
2640 0.57
2641 0.59
2642 0.65
2643 0.63
2644 0.44
109 0.56
2645 0.54
2646 0.53
2647 0.59
2649 0.57
2650 0.66
2651 0.33
2652 0.34
2653 0.55
2654 0.35
2655 0.66
2656 0.54
2657 0.48
2658 0.68
2659 0.70
2660 0.72
2661 0.56
2662 0.61
2663 0.51
149 0.33
2664 0.52
2665 0.64
2666 0.73
2667 0.31
2668 0.59
2669 0.51
2670 0.54
2671 0.74
2672 0.64
2673 0.57
2674 0.57
2675 0.39
2676 0.58
2677 0.71
2678 0.53
2679 0.75
2680 0.59
2681 0.56
2682 0.41
2683 0.26
2684 0.54
2685 0.31
2686 0.69
2687 0.53
2688 0.51
2689 0.53
2690 0.59
2691 0.52
2692 0.48
2693 0.69
2694 0.51
2695 0.64
2696 0.47
2697 0.58
2698 0.52
2699 0.56
2700 0.52
2701 0.72
2702 0.73
2703 0.54
2704 0.63
2705 0.46
2706 0.58
2707 0.64
2708 0.58
2709 0.71
2710 0.55
2711 0.65
2712 0.66
2713 0.51
2718 0.75
2719 0.41
2720 0.61
2721 0.69
2722 0.69
2723 0.73
2724 0.69
2725 0.69
2726 0.64
2727 0.61
2728 0.49
2729 0.60
2730 0.65
2731 0.42
2732 0.52
2733 0.40
2734 0.26
2735 0.61
2736 0.60
2737 0.67
2738 0.63
2739 0.73
2740 0.70
2741 0.66
2742 0.64
2743 0.69
2744 0.34
2745 0.72
2746 0.44
2747 0.66
2748 0.63
2749 0.65
100 0.46
2750 0.63
2753 0.53
2754 0.61
2755 0.28
2756 0.70
2757 0.60
2758 0.52
2759 0.64
2760 0.63
2761 0.60
2612 0.64
2762 0.40
2763 0.72
2764 0.59
2765 0.37
2766 0.67
2767 0.67
2768 0.60
2769 0.56
2770 0.53
2771 0.34
2772 0.53
2773 0.66
2774 0.49
2775 0.59
2776 0.65
2777 0.51
2778 0.73
2779 0.40
2780 0.51
2781 0.39
2782 0.75
2783 0.58
2784 0.52
2785 0.58
2786 0.61
2787 0.39
2788 0.72
2789 0.68
2790 0.61
2791 0.41
2792 0.45
2793 0.58
2794 0.50
2795 0.67
2796 0.71
2797 0.51
2798 0.38
2799 0.73
2800 0.44
2801 0.50
2802 0.33
2803 0.68
2804 0.32
2805 0.25
2806 0.29
2807 0.26
2808 0.25
2809 0.52
1929 0.53
2810 0.53
2811 0.42
2812 0.73
2813 0.44
2814 0.75
2815 0.31
2816 0.31
2817 0.62
2818 0.37
2819 0.46
2820 0.62
2821 0.36
2822 0.43
2823 0.57
2824 0.75
2825 0.69
1 0.61
2826 0.71
2827 0.62
2828 0.28
2829 0.39
2830 0.62
2831 0.74
2844 0.52
2845 0.38
2846 0.60
2872 0.60
2873 0.41
2874 0.63
2875 0.50
2378 0.65
2884 0.67
2885 0.65
2886 0.74
2887 0.53
2888 0.67
2889 0.28
2890 0.71
2891 0.71
2892 0.29
2893 0.70
2894 0.44
2895 0.40
2898 0.61
2900 0.62
2901 0.60
2902 0.61
2903 0.73
2904 0.68
2905 0.26
105 0.59
2906 0.52
2907 0.70
2908 0.73
2909 0.62
2910 0.59
2911 0.56
2912 0.60
2913 0.56
2914 0.72
2915 0.48
2916 0.40
2917 0.50
2918 0.74
2919 0.67
2920 0.63
2921 0.61
2922 0.49
2923 0.35
2924 0.59
106 0.33
2925 0.41
2926 0.47
2927 0.67
2928 0.65
2929 0.71
2930 0.32
2931 0.39
2932 0.69
2933 0.59
2934 0.63
2935 0.69
2936 0.56
2937 0.71
2938 0.52
2939 0.62
2940 0.53
2941 0.59
2942 0.75
2943 0.54
2944 0.71
2945 0.43
2946 0.54
2947 0.62
2948 0.67
111 0.73
2949 0.60
2950 0.35
2951 0.39
2952 0.40
2953 0.38
2954 0.28
2956 0.57
2957 0.74
2958 0.61
2959 0.36
2960 0.67
2961 0.31
2962 0.31
2964 0.74
2966 0.62
2967 0.49
2968 0.74
2969 0.39
2377 0.52
2972 0.59
2973 0.65
2974 0.68
2975 0.62
2976 0.68
2977 0.57
2978 0.70
2979 0.54
2980 0.26
2981 0.56
2982 0.55
2983 0.66
2984 0.64
2985 0.66
2986 0.55
2987 0.70
2988 0.61
2989 0.64
2990 0.72
2991 0.58
2992 0.69
2993 0.62
2994 0.36
2995 0.59
2996 0.66
2997 0.49
2998 0.66
2999 0.60
3000 0.62
3001 0.51
3002 0.69
3003 0.64
3004 0.72
3005 0.43
3006 0.39
3007 0.51
3008 0.53
3009 0.74
3010 0.53
3011 0.29
3012 0.61
3013 0.37
3014 0.69
3015 0.73
2059 0.64
3016 0.39
3017 0.65
3018 0.40
3023 0.27
3024 0.74
3025 0.52
3026 0.28
3027 0.49
3028 0.70
3029 0.58
3030 0.71
3031 0.74
3032 0.26
2839 0.29
3033 0.55
3034 0.68
3035 0.72
3036 0.65
3037 0.56
3038 0.51
3039 0.63
3040 0.59
3041 0.45
3042 0.70
3043 0.41
3044 0.53
3045 0.61
3046 0.56
3047 0.51
3048 0.27
3049 0.49
144 0.44
2963 0.63
3050 0.40
2882 0.73
3051 0.67
3052 0.75
3053 0.44
3054 0.50
3055 0.72
3056 0.66
3057 0.30
3058 0.74
3059 0.35
3060 0.62
3061 0.53
3062 0.60
3063 0.69
3064 0.69
3065 0.53
3066 0.56
3067 0.59
3068 0.63
3069 0.53
3070 0.69
3071 0.46
3072 0.47
3073 0.52
3074 0.53
3075 0.68
3076 0.49
3077 0.51
3078 0.58
3079 0.74
3080 0.41
3081 0.51
3082 0.47
3083 0.27
3084 0.72
3085 0.62
3086 0.69
3087 0.60
3088 0.56
3089 0.26
3090 0.29
3091 0.60
399 0.59
3092 0.67
3093 0.31
3094 0.75
3095 0.47
3096 0.43
3097 0.58
3098 0.66
3099 0.65
3100 0.69
3101 0.62
3102 0.63
3103 0.68
3104 0.64
3105 0.74
3106 0.38
3107 0.73
3108 0.35
3109 0.70
3110 0.51
3111 0.56
3112 0.34
3113 0.28
3114 0.51
3115 0.55
3116 0.73
3117 0.32
3118 0.74
3119 0.65
3120 0.51
3121 0.55
3122 0.58
3123 0.67
3124 0.57
3125 0.46
3126 0.54
3127 0.62
3128 0.73
3129 0.51
3130 0.68
3131 0.55
3132 0.51
3133 0.28
3134 0.52
123 0.27
3135 0.34
3136 0.63
3137 0.75
3138 0.72
3139 0.75
3140 0.69
3141 0.64
3142 0.51
3143 0.57
3144 0.74
3145 0.74
3146 0.70
3147 0.73
3148 0.53
3149 0.37
3150 0.47
3151 0.68
3152 0.56
3153 0.63
3154 0.66
3155 0.40
3156 0.42
3157 0.66
3158 0.53
3159 0.39
3160 0.57
3161 0.56
3162 0.33
3163 0.58
3164 0.42
3165 0.58
3166 0.35
3167 0.62
3168 0.72
3169 0.52
3170 0.46
3171 0.57
3172 0.36
3173 0.66
3174 0.71
3175 0.50
3176 0.66
3177 0.55
3178 0.46
3179 0.42
3180 0.34
3181 0.60
3182 0.55
3183 0.39
3184 0.59
3187 0.66
3188 0.59
3189 0.69
3190 0.54
3191 0.55
3192 0.54
3193 0.64
3194 0.42
3195 0.67
3196 0.71
3197 0.67
3198 0.68
3199 0.31
3200 0.34
3201 0.62
3202 0.70
3203 0.30
3204 0.30
3205 0.68
3206 0.60
3207 0.67
3208 0.55
3209 0.74
3210 0.58
3211 0.50
3212 0.55
3213 0.57
3225 0.65
3226 0.55
3227 0.33
3228 0.50
3229 0.62
3230 0.56
3231 0.63
3232 0.64
3233 0.55
3234 0.61
3235 0.61
3236 0.74
3237 0.42
3238 0.42
3239 0.60
3240 0.32
3241 0.61
3242 0.61
3243 0.61
3244 0.61
3245 0.59
3246 0.51
3247 0.42
3248 0.66
3249 0.55
3250 0.58
3251 0.55
3252 0.50
3253 0.26
3254 0.51
3255 0.69
3256 0.32
3257 0.30
3258 0.51
3259 0.75
3260 0.50
3261 0.58
3262 0.73
3263 0.69
3264 0.75
3265 0.33
3266 0.54
3267 0.73
3268 0.66
3269 0.58
3270 0.67
3271 0.75
3272 0.64
3273 0.54
3274 0.61
3275 0.72
3276 0.39
3277 0.58
3278 0.69
3279 0.37
3280 0.58
3281 0.60
3282 0.75
3283 0.62
3284 0.36
3285 0.33
3286 0.74
3287 0.71
3288 0.73
3289 0.51
3290 0.63
3291 0.55
3292 0.61
3293 0.41
3294 0.30
3295 0.51
3296 0.57
3297 0.55
3298 0.55
3299 0.64
3300 0.46
3301 0.39
3302 0.64
3303 0.50
3304 0.47
3305 0.45
3306 0.54
3307 0.37
3308 0.53
3309 0.26
3310 0.71
3311 0.73
3312 0.39
3313 0.63
3314 0.74
3315 0.68
3316 0.61
3317 0.30
3318 0.62
3319 0.35
3320 0.50
3321 0.67
3322 0.52
3323 0.53
3324 0.50
3325 0.55
134 0.31
3326 0.70
3327 0.63
3328 0.67
3329 0.54
3330 0.72
3331 0.60
3332 0.63
3333 0.65
3334 0.71
3335 0.57
3336 0.63
3337 0.54
3338 0.66
3339 0.50
3340 0.50
3341 0.55
3342 0.66
113 0.47
3343 0.69
3344 0.60
3345 0.61
3346 0.36
3347 0.67
3348 0.73
3349 0.59
3350 0.69
3351 0.62
3352 0.61
3353 0.58
3354 0.59
3355 0.52
3356 0.62
3357 0.63
3358 0.58
3359 0.41
3360 0.30
3361 0.60
3362 0.61
3374 0.34
3375 0.47
3376 0.54
3377 0.67
3378 0.35
3379 0.69
3380 0.50
2883 0.61
3381 0.71
3382 0.40
3383 0.45
3384 0.60
3385 0.34
3386 0.51
110 0.36
3387 0.67
3388 0.46
114 0.49
3389 0.59
3390 0.37
3391 0.70
3392 0.66
3393 0.62
3394 0.54
3395 0.52
3396 0.61
3397 0.73
3398 0.29
3399 0.55
3400 0.47
3401 0.41
3402 0.51
3403 0.58
3404 0.74
3405 0.69
3406 0.58
3407 0.60
3408 0.64
3409 0.59
3410 0.51
3411 0.52
3412 0.64
3413 0.68
3414 0.64
3415 0.45
88 0.48
3416 0.56
3417 0.40
3422 0.46
3423 0.60
3433 0.63
3434 0.61
3435 0.64
3436 0.70
3437 0.31
3438 0.73
3439 0.54
3440 0.40
3441 0.69
3442 0.32
3443 0.68
3444 0.32
3445 0.42
3446 0.66
3447 0.54
3448 0.45
3449 0.73
3450 0.69
3451 0.70
3452 0.63
3432 0.62
3453 0.69
3454 0.53
3455 0.38
3456 0.38
3457 0.59
3458 0.35
3459 0.32
3460 0.59
3461 0.56
3462 0.30
3469 0.52
3470 0.51
3471 0.56
3472 0.59
3473 0.47
3474 0.56
3475 0.68
3463 0.52
3476 0.44
3477 0.46
3478 0.42
3479 0.51
3480 0.71
3481 0.63
3482 0.56
3483 0.65
3484 0.71
3485 0.74
3486 0.67
3487 0.74
3488 0.71
3489 0.45
1837 0.72
3490 0.66
3491 0.71
3492 0.44
3493 0.67
3494 0.61
3495 0.67
3496 0.62
3497 0.26
3498 0.71
3499 0.57
3500 0.57
3429 0.67
3501 0.33
3502 0.51
3503 0.75
3504 0.55
3367 0.72
3505 0.60
3506 0.34
3507 0.26
3508 0.66
3509 0.52
3510 0.59
3511 0.61
3512 0.71
3513 0.63
3514 0.54
3515 0.65
3516 0.60
3517 0.67
3518 0.69
3519 0.69
3520 0.74
3521 0.64
3522 0.45
3523 0.74
3524 0.53
3525 0.69
3526 0.30
3527 0.64
3528 0.51
3529 0.58
3530 0.73
3531 0.62
3532 0.57
3533 0.64
3534 0.67
3535 0.64
3536 0.68
3537 0.73
3538 0.55
3539 0.58
3540 0.52
3541 0.29
3542 0.72
3543 0.54
3544 0.65
3545 0.63
3546 0.28
3547 0.68
3548 0.59
3549 0.73
3550 0.59
148 0.72
3551 0.38
3552 0.52
3553 0.72
3554 0.42
3555 0.33
3556 0.60
3557 0.66
3558 0.51
3559 0.71
3560 0.63
130 0.28
3561 0.55
3562 0.58
3563 0.64
3564 0.67
3565 0.71
3566 0.64
3567 0.53
3577 0.65
3578 0.37
3579 0.29
3580 0.55
3581 0.74
3582 0.67
3583 0.62
3584 0.31
3622 0.71
3623 0.59
3624 0.64
3625 0.68
3626 0.65
3627 0.54
3628 0.51
1141 0.73
3629 0.54
3630 0.60
3631 0.69
3632 0.72
3633 0.64
3634 0.65
3635 0.33
3636 0.57
3637 0.39
3638 0.30
3639 0.65
3640 0.50
3641 0.51
3642 0.52
3643 0.58
3644 0.50
3645 0.52
3646 0.57
3647 0.53
3648 0.64
3649 0.75
3650 0.58
3651 0.68
3652 0.53
3596 0.58
3653 0.75
3654 0.50
3655 0.51
3656 0.51
3657 0.68
3658 0.58
3659 0.49
3660 0.56
3661 0.71
3662 0.66
3663 0.38
3664 0.72
3665 0.72
3666 0.50
3667 0.65
3668 0.27
3669 0.37
3670 0.53
3671 0.68
3672 0.45
3673 0.45
3692 0.70
3693 0.71
3694 0.29
3695 0.37
3696 0.42
3697 0.64
3698 0.68
3699 0.55
3700 0.71
151 0.63
3701 0.52
3702 0.73
3703 0.53
3704 0.52
3705 0.63
3706 0.33
3707 0.55
3708 0.57
3709 0.63
3710 0.66
3711 0.70
3712 0.54
3713 0.44
3714 0.63
3715 0.66
3716 0.39
3717 0.52
3718 0.35
3719 0.62
3720 0.51
3721 0.68
3722 0.51
3723 0.69
3724 0.58
3725 0.61
3726 0.71
3727 0.66
3728 0.44
3729 0.29
3730 0.64
3731 0.66
3732 0.63
3733 0.73
3734 0.47
3735 0.60
3736 0.74
3737 0.55
3738 0.30
3739 0.70
3740 0.54
3750 0.54
3751 0.55
3741 0.28
3752 0.74
3753 0.65
3754 0.57
3755 0.70
3756 0.55
3757 0.30
3745 0.59
3758 0.44
3759 0.40
3760 0.27
3761 0.32
3765 0.43
3766 0.57
3767 0.73
3768 0.58
3769 0.58
3770 0.31
3771 0.41
3772 0.53
1090 0.25
3773 0.73
3774 0.54
3221 0.26
3775 0.70
3776 0.51
3777 0.60
3778 0.57
3779 0.46
3780 0.54
3781 0.58
3782 0.59
3783 0.65
3372 0.71
3784 0.58
3785 0.56
3786 0.63
3787 0.71
3788 0.59
3789 0.50
3790 0.63
3791 0.69
3792 0.54
3793 0.47
3798 0.62
3799 0.61
3800 0.67
3801 0.61
3802 0.55
3803 0.74
3804 0.45
3805 0.58
3806 0.65
3807 0.34
3795 0.74
3796 0.44
3808 0.74
3809 0.67
3810 0.60
3617 0.48
3811 0.71
3812 0.66
3813 0.53
3814 0.37
3815 0.64
3816 0.57
3612 0.33
3817 0.57
3764 0.61
3824 0.60
3825 0.43
3826 0.38
3827 0.64
3828 0.54
3829 0.55
3830 0.68
3831 0.72
3832 0.57
3833 0.64
3834 0.72
3835 0.55
3836 0.73
3837 0.51
3838 0.58
3839 0.41
3840 0.57
3820 0.55
3841 0.55
3842 0.51
3843 0.51
3844 0.53
3845 0.65
3846 0.60
3847 0.61
3848 0.66
3849 0.43
3850 0.69
3851 0.49
3852 0.74
3853 0.54
3854 0.26
3855 0.61
3856 0.56
3857 0.56
3858 0.55
3859 0.63
3860 0.69
3870 0.49
3871 0.56
3872 0.51
3873 0.46
3874 0.57
3875 0.51
3876 0.68
3877 0.47
3878 0.64
3879 0.52
3880 0.72
3881 0.46
3882 0.53
3883 0.26
3884 0.66
3885 0.69
3886 0.56
3887 0.39
3888 0.51
3889 0.58
3890 0.70
116 0.60
3891 0.51
3892 0.73
3893 0.32
3894 0.72
3421 0.63
3895 0.42
3896 0.56
3897 0.66
3898 0.61
3371 0.67
3899 0.54
3900 0.70
3901 0.68
3902 0.56
3903 0.61
3904 0.63
3905 0.63
3906 0.61
3907 0.61
3908 0.68
3909 0.67
3910 0.58
3911 0.55
3912 0.50
3913 0.65
3914 0.67
3916 0.28
3917 0.63
3918 0.59
3919 0.68
3920 0.50
3921 0.74
3922 0.36
3923 0.46
3924 0.57
3925 0.44
3926 0.63
3927 0.42
3928 0.53
3929 0.59
3930 0.58
3931 0.35
1196 0.35
3932 0.65
3933 0.74
3934 0.53
3935 0.50
3936 0.75
3937 0.65
3938 0.53
3939 0.58
3940 0.53
3941 0.65
3942 0.63
3943 0.36
3944 0.63
3945 0.52
3946 0.71
3947 0.28
3948 0.66
3949 0.59
3950 0.74
3951 0.30
3952 0.47
3953 0.63
3954 0.39
3955 0.74
3956 0.67
3957 0.75
3958 0.69
3959 0.67
3960 0.54
3961 0.39
3962 0.75
3963 0.59
3964 0.64
3965 0.72
3966 0.62
3967 0.62
3968 0.51
3969 0.51
3970 0.70
3748 0.50
3971 0.27
3972 0.62
3762 0.58
3973 0.46
3974 0.70
3604 0.33
3975 0.75
3976 0.59
3977 0.54
3978 0.61
3979 0.59
3980 0.69
3981 0.74
3982 0.69
3983 0.74
3984 0.34
3985 0.74
3986 0.67
3987 0.65
3988 0.68
3373 0.54
3997 0.74
3998 0.58
3999 0.38
4000 0.73
4001 0.38
4002 0.51
4003 0.53
4004 0.56
3993 0.69
4005 0.65
4006 0.64
4007 0.69
4008 0.43
4009 0.60
4010 0.31
4011 0.64
4012 0.54
4013 0.51
4014 0.63
4015 0.65
4016 0.56
4017 0.58
4019 0.66
4020 0.72
4021 0.46
4022 0.56
4023 0.65
4024 0.54
4025 0.71
4026 0.73
4027 0.55
4028 0.63
4029 0.70
4030 0.40
4031 0.71
4032 0.54
4033 0.69
4034 0.72
4035 0.74
4036 0.64
4037 0.71
4038 0.47
4039 0.56
4040 0.65
4041 0.47
4042 0.69
4043 0.67
4044 0.67
4045 0.52
4046 0.41
4047 0.49
4048 0.56
4049 0.41
4050 0.55
4051 0.50
4052 0.45
4053 0.48
4054 0.71
4055 0.53
4056 0.57
4057 0.51
4058 0.28
4059 0.74
4060 0.61
4061 0.51
4062 0.55
4063 0.71
4064 0.27
4065 0.57
4066 0.63
4067 0.67
4068 0.27
4069 0.65
4070 0.71
4071 0.36
4072 0.47
4073 0.38
4074 0.35
4075 0.29
4076 0.55
4077 0.58
3586 0.69
4078 0.45
4079 0.50
4080 0.59
4081 0.73
4082 0.73
4083 0.69
4084 0.53
4085 0.65
4086 0.72
4087 0.73
751 0.34
4088 0.64
4089 0.63
4090 0.65
4091 0.64
4092 0.53
4093 0.72
4094 0.51
4095 0.35
4096 0.45
4097 0.72
4098 0.40
4099 0.60
4100 0.60
4101 0.66
4102 0.60
4103 0.45
4104 0.39
4105 0.52
4106 0.44
4107 0.64
4108 0.51
4109 0.71
4110 0.34
4111 0.52
4112 0.67
4113 0.27
4114 0.58
4115 0.61
4116 0.41
4117 0.68
4118 0.46
4119 0.59
4120 0.72
4121 0.64
4122 0.58
4123 0.44
4124 0.57
4125 0.70
4126 0.51
4127 0.71
4128 0.70
4129 0.33
4130 0.59
4131 0.57
4132 0.44
4133 0.52
4134 0.61
4135 0.58
4136 0.63
4137 0.44
4138 0.52
4139 0.64
4140 0.74
4141 0.61
4142 0.71
4143 0.66
4144 0.58
4145 0.63
4146 0.40
4147 0.70
4148 0.71
4149 0.56
4150 0.41
3424 0.50
4151 0.64
4152 0.67
4153 0.66
4154 0.51
4155 0.46
4156 0.64
4157 0.49
107 0.54
4158 0.61
4159 0.29
4160 0.55
4161 0.66
4162 0.54
4163 0.69
4164 0.56
4165 0.57
4166 0.42
4167 0.25
4168 0.66
4169 0.68
4170 0.29
4171 0.50
4172 0.71
4173 0.59
4174 0.29
4175 0.53
4176 0.68
4177 0.51
4178 0.71
4179 0.51
4180 0.64
4181 0.58
4182 0.28
4183 0.71
4184 0.72
4185 0.50
4186 0.50
4187 0.68
4188 0.69
4189 0.52
112 0.51
4190 0.60
4191 0.74
4192 0.68
4193 0.59
4194 0.68
4195 0.36
3686 0.70
4196 0.52
4197 0.26
4198 0.54
4199 0.54
4200 0.33
4201 0.36
4202 0.61
4203 0.61
4204 0.42
4205 0.59
4206 0.75
4207 0.69
4208 0.53
4209 0.64
4210 0.54
4211 0.40
4212 0.55
4213 0.72
4214 0.57
4215 0.57
4216 0.34
4217 0.49
4218 0.73
4219 0.69
4220 0.54
4221 0.69
4222 0.54
4223 0.56
4224 0.38
3431 0.65
4225 0.50
4226 0.46
4227 0.72
4228 0.65
4229 0.42
4230 0.51
4231 0.53
3991 0.42
7 0.66
4232 0.61
4233 0.39
4234 0.67
4235 0.62
4236 0.72
4237 0.67
4238 0.57
4239 0.60
4240 0.36
4241 0.74
4242 0.36
4243 0.55
4244 0.70
4245 0.58
4246 0.56
4247 0.49
4248 0.37
4249 0.72
4250 0.56
4251 0.66
4252 0.59
4253 0.51
4254 0.72
4255 0.50
4256 0.39
4257 0.67
4258 0.53
4259 0.66
4260 0.67
4261 0.65
4262 0.63
4263 0.52
4264 0.65
4265 0.69
4267 0.56
4268 0.52
4269 0.64
4270 0.67
4271 0.69
4272 0.58
4273 0.32
4274 0.59
4275 0.36
4276 0.68
4277 0.53
3995 0.61
4278 0.42
4279 0.62
4280 0.57
4281 0.65
4282 0.70
4283 0.28
4284 0.54
4285 0.68
4286 0.60
4287 0.64
4288 0.58
4289 0.69
4290 0.29
4291 0.32
4292 0.69
4293 0.62
4294 0.50
4295 0.26
4296 0.48
4297 0.64
4298 0.61
4299 0.55
4300 0.34
4301 0.51
4302 0.67
4303 0.72
4304 0.27
4305 0.52
4306 0.56
4307 0.62
4308 0.70
4309 0.72
4310 0.46
4311 0.51
4312 0.65
4313 0.56
4314 0.73
4315 0.52
4316 0.30
4317 0.67
4318 0.73
4319 0.64
4320 0.25
4321 0.36
4322 0.75
4323 0.46
4324 0.61
4325 0.60
4326 0.70
4327 0.27
4328 0.74
4329 0.65
4330 0.75
4331 0.52
4332 0.63
4333 0.50
4334 0.40
4335 0.66
4336 0.65
4337 0.53
4338 0.63
4339 0.32
4340 0.33
4341 0.55
4342 0.61
4343 0.70
4344 0.65
4345 0.58
4346 0.67
4347 0.70
3568 0.38
4348 0.42
4349 0.69
4350 0.27
4351 0.62
4352 0.65
4353 0.43
4354 0.75
4355 0.51
4356 0.35
4357 0.70
4358 0.66
3869 0.69
4359 0.56
4360 0.34
4361 0.36
3368 0.49
4362 0.53
4363 0.36
4364 0.62
4365 0.56
4366 0.55
4367 0.70
4368 0.59
4369 0.61
4370 0.59
4371 0.63
4372 0.74
3366 0.67
4373 0.74
4374 0.67
4375 0.70
4376 0.32
4377 0.55
4378 0.57
4379 0.68
4380 0.36
4381 0.55
4382 0.70
4383 0.45
4384 0.53
4385 0.30
4386 0.73
4387 0.70
4388 0.62
4389 0.35
4390 0.45
4391 0.52
4392 0.61
4393 0.57
4394 0.58
4395 0.56
4398 0.51
4399 0.67
4400 0.67
4401 0.53
4402 0.58
4403 0.60
4404 0.60
4405 0.29
4406 0.55
4407 0.44
4408 0.74
4409 0.60
4410 0.73
4411 0.53
4412 0.26
4413 0.69
4414 0.27
4415 0.36
4416 0.60
4417 0.72
4418 0.56
4419 0.68
4420 0.36
4421 0.46
4422 0.52
4423 0.56
3223 0.36
4424 0.51
4425 0.56
4426 0.67
4427 0.74
4428 0.51
4429 0.30
4430 0.50
4431 0.61
4432 0.36
4433 0.55
4434 0.44
4435 0.64
4436 0.61
4437 0.70
4438 0.73
4439 0.63
4440 0.64
4441 0.34
4442 0.57
4443 0.60
4444 0.57
4445 0.74
4446 0.39
4396 0.73
4447 0.56
4448 0.44
4449 0.49
4450 0.68
4451 0.49
4452 0.43
4453 0.74
4454 0.61
4455 0.53
4456 0.69
4457 0.60
4458 0.54
3676 0.72
4459 0.51
4460 0.69
4461 0.48
4462 0.56
4463 0.71
4464 0.60
4465 0.51
4466 0.54
4467 0.71
4468 0.46
4469 0.60
4470 0.73
4471 0.65
4472 0.44
4473 0.66
4474 0.53
4494 0.28
4477 0.52
4475 0.63
4495 0.58
4478 0.59
4496 0.61
4497 0.51
4498 0.60
4499 0.65
4500 0.66
4501 0.71
4502 0.69
3989 0.52
4503 0.59
4504 0.50
4505 0.29
4506 0.71
4507 0.29
4508 0.37
4509 0.46
4510 0.71
4511 0.69
4512 0.51
4513 0.35
4514 0.65
4515 0.39
4516 0.57
4517 0.29
4518 0.66
4519 0.66
4520 0.71
4521 0.28
4522 0.60
4523 0.52
4524 0.40
4525 0.70
4526 0.33
4527 0.62
4528 0.60
4529 0.74
3589 0.52
4530 0.62
4531 0.62
4532 0.53
4533 0.68
4534 0.54
4535 0.25
4536 0.67
3915 0.66
3689 0.55
3690 0.62
4537 0.75
3224 0.60
4538 0.56
4488 0.52
4539 0.69
4540 0.60
4541 0.30
4542 0.46
4543 0.63
4544 0.61
4545 0.59
4546 0.73
4547 0.71
4548 0.58
4549 0.65
4550 0.52
4551 0.70
4552 0.49
4553 0.73
4554 0.36
4555 0.29
4556 0.67
4557 0.60
4558 0.64
4559 0.68
4560 0.50
4561 0.72
4562 0.56
4563 0.28
4573 0.74
4574 0.52
4575 0.65
4576 0.65
4577 0.26
4578 0.63
4579 0.60
4580 0.72
4581 0.44
4582 0.51
4583 0.75
4584 0.67
4585 0.63
4586 0.71
4587 0.54
4588 0.71
4589 0.56
4590 0.60
4591 0.60
4592 0.56
4593 0.71
4594 0.53
4595 0.36
4596 0.40
4597 0.59
4598 0.60
4599 0.58
4600 0.52
4601 0.54
4602 0.66
4603 0.62
4604 0.54
4605 0.73
4606 0.28
4607 0.54
4608 0.74
4609 0.50
4610 0.74
4611 0.75
4612 0.64
4613 0.66
4614 0.52
4615 0.53
4616 0.62
4617 0.58
4618 0.67
4619 0.53
4620 0.65
4621 0.31
4622 0.68
4623 0.54
4624 0.26
4625 0.61
91 0.40
95 0.64
2 0.54
4626 0.68
4627 0.71
4628 0.68
4629 0.56
4630 0.60
4631 0.63
4632 0.26
4633 0.57
4642 0.52
4643 0.65
4644 0.69
3681 0.65
4645 0.54
4646 0.54
4647 0.63
4648 0.72
4649 0.35
4650 0.65
4651 0.54
4489 0.71
4652 0.45
4653 0.29
4654 0.44
4655 0.56
4656 0.73
4657 0.71
4658 0.36
4659 0.28
4660 0.64
4661 0.60
4662 0.39
4663 0.57
4664 0.60
4665 0.52
4666 0.68
4667 0.30
4668 0.61
4638 0.69
4669 0.55
4670 0.70
4671 0.68
4672 0.62
4673 0.59
4674 0.68
4675 0.31
4676 0.74
4677 0.51
4678 0.53
4679 0.74
4684 0.58
4685 0.70
4686 0.41
4687 0.39
4688 0.64
4689 0.66
4690 0.69
4691 0.65
4692 0.69
4693 0.66
4694 0.66
4695 0.67
4696 0.57
4697 0.73
4698 0.69
4699 0.60
4700 0.55
4682 0.71
4701 0.74
4702 0.62
4703 0.27
4704 0.65
4705 0.54
4706 0.60
4707 0.67
4708 0.63
4709 0.46
4710 0.65
4711 0.70
4712 0.55
4713 0.61
4714 0.59
4715 0.64
4716 0.61
4717 0.66
4718 0.40
4719 0.30
137 0.50
4720 0.71
4721 0.73
4722 0.57
4723 0.64
4724 0.58
4725 0.73
4726 0.64
4727 0.50
4728 0.61
4732 0.53
4733 0.32
4736 0.72
4737 0.52
4738 0.69
4739 0.61
4740 0.36
4741 0.55
4742 0.73
4743 0.67
4744 0.75
4745 0.30
4746 0.47
4735 0.59
4756 0.58
4757 0.31
4758 0.30
4759 0.31
4760 0.30
4761 0.29
4762 0.69
4763 0.63
4764 0.49
4765 0.38
4766 0.26
4767 0.57
4768 0.68
4769 0.73
4770 0.75
4771 0.45
4569 0.46
4772 0.55
4773 0.68
4774 0.63
4775 0.53
4776 0.68
4754 0.32
4777 0.42
4778 0.67
4779 0.66
4780 0.52
4781 0.67
4570 0.57
4782 0.48
4783 0.26
4784 0.68
4785 0.50
4786 0.70
4787 0.52
3465 0.61
4788 0.38
4789 0.33
4790 0.55
4791 0.63
4792 0.51
4793 0.28
4794 0.57
4637 0.62
4795 0.54
4796 0.40
4797 0.32
2877 0.40
4798 0.67
4799 0.29
4800 0.62
4801 0.46
4802 0.38
4803 0.70
4804 0.64
4805 0.37
4806 0.52
4807 0.51
4808 0.70
4809 0.44
4810 0.57
4811 0.68
4812 0.47
4813 0.47
4814 0.53
4815 0.55
4816 0.61
4817 0.60
4818 0.51
4819 0.74
4820 0.39
4821 0.70
4822 0.44
4823 0.46
4824 0.61
4825 0.67
4826 0.54
4827 0.44
4828 0.74
4829 0.67
4830 0.54
4831 0.65
4832 0.63
4833 0.59
4834 0.49
4835 0.47
4836 0.57
4837 0.58
4838 0.47
4839 0.67
4840 0.60
4841 0.63
4842 0.26
4843 0.41
4844 0.50
4845 0.58
4846 0.55
4847 0.71
4848 0.48
4849 0.68
4850 0.59
4851 0.72
4852 0.25
4853 0.37
4854 0.58
4855 0.66
4856 0.69
4857 0.68
4858 0.57
4859 0.59
4860 0.74
4861 0.74
4862 0.54
4863 0.55
4864 0.54
4865 0.63
4866 0.61
4867 0.75
4868 0.65
4869 0.71
4870 0.59
4871 0.45
4872 0.71
4873 0.54
4874 0.60
4875 0.49
4876 0.42
4877 0.72
4878 0.69
4879 0.42
4880 0.26
4881 0.26
4882 0.31
4883 0.30
4884 0.51
4885 0.65
4886 0.59
4887 0.65
4888 0.75
4889 0.55
4890 0.47
4891 0.50
4892 0.52
4893 0.71
4894 0.42
4493 0.65
4895 0.64
4896 0.75
4897 0.54
4898 0.65
4899 0.52
4900 0.31
4901 0.67
4902 0.65
4903 0.69
4904 0.30
4905 0.61
4906 0.43
4907 0.54
4908 0.71
4909 0.34
4910 0.63
4911 0.30
4912 0.59
4913 0.53
4914 0.64
4915 0.55
4916 0.74
4917 0.73
4918 0.59
4919 0.63
4920 0.72
4921 0.72
4922 0.53
4923 0.38
4924 0.64
4925 0.63
4926 0.41
4927 0.40
4928 0.62
4929 0.73
4930 0.36
4931 0.74
4932 0.71
4933 0.59
4934 0.52
4935 0.61
4936 0.72
4937 0.52
4938 0.63
4939 0.64
4940 0.57
4941 0.52
4942 0.55
4943 0.57
4944 0.56
4945 0.28
3569 0.47
4946 0.59
4947 0.32
4948 0.65
4949 0.66
4950 0.73
4951 0.73
4952 0.65
4953 0.45
4954 0.64
4959 0.55
4960 0.73
4961 0.56
4962 0.64
4963 0.43
4964 0.61
4965 0.25
4966 0.65
4968 0.66
4969 0.33
4970 0.55
4971 0.52
4972 0.62
4973 0.34
4974 0.60
4975 0.43
4976 0.52
4977 0.65
4978 0.51
3597 0.68
4979 0.33
4980 0.69
4981 0.73
4982 0.52
4983 0.56
4984 0.30
4985 0.70
4986 0.27
4987 0.29
4988 0.48
4989 0.30
4990 0.70
4991 0.47
4992 0.68
4993 0.41
4994 0.51
4995 0.57
4996 0.60
4997 0.56
4998 0.61
4999 0.74
5000 0.63
5001 0.52
5002 0.72
5003 0.30
5004 0.61
5005 0.60
5006 0.43
5007 0.59
5008 0.34
5009 0.60
5010 0.63
5011 0.71
5012 0.72
5013 0.71
5014 0.69
5015 0.61
5016 0.65
5017 0.63
5018 0.65
5019 0.61
5020 0.61
5021 0.62
5022 0.35
5023 0.55
3363 0.35
5024 0.31
5025 0.71
5026 0.66
5027 0.59
5028 0.65
5029 0.64
5030 0.35
3219 0.54
5031 0.74
5032 0.56
5033 0.61
5034 0.64
5035 0.25
5036 0.46
5037 0.52
5038 0.71
5039 0.38
5040 0.71
5041 0.68
5042 0.67
5043 0.60
5044 0.58
5045 0.28
5046 0.43
5047 0.70
5048 0.66
5049 0.50
5050 0.37
5051 0.46
5052 0.67
5053 0.70
5054 0.45
5055 0.41
5056 0.38
5057 0.61
5058 0.70
5059 0.53
5060 0.71
5062 0.60
5063 0.71
5064 0.74
5065 0.59
5066 0.74
5067 0.54
5068 0.29
5069 0.53
5070 0.58
5071 0.42
5072 0.58
5073 0.74
5074 0.58
5075 0.53
5076 0.59
5077 0.69
5078 0.68
5079 0.61
5080 0.37
5084 0.68
5085 0.42
5088 0.33
5089 0.58
5090 0.26
5091 0.32
5092 0.64
5093 0.58
5094 0.63
5095 0.71
5096 0.60
5097 0.61
5098 0.35
5099 0.32
5100 0.51
5101 0.74
5102 0.44
5103 0.64
5104 0.69
5105 0.54
5106 0.53
5107 0.28
5108 0.72
5109 0.58
5110 0.26
5111 0.55
5112 0.45
5113 0.42
5114 0.52
5115 0.56
5116 0.64
5117 0.74
5118 0.27
5119 0.33
5120 0.74
3587 0.54
5121 0.56
5122 0.51
5123 0.69
5124 0.48
5125 0.71
5126 0.59
5127 0.74
5128 0.61
5129 0.75
5130 0.62
5131 0.72
5132 0.49
5133 0.61
5134 0.73
115 0.49
5135 0.75
5136 0.63
5137 0.74
5138 0.34
5140 0.60
5141 0.51
5142 0.58
5144 0.67
5145 0.61
5146 0.70
5147 0.69
5148 0.74
5149 0.50
5150 0.59
5151 0.54
5152 0.37
5153 0.67
5154 0.65
5155 0.47
5156 0.66
969 0.53
5157 0.57
5158 0.26
5159 0.67
5160 0.53
5161 0.54
5162 0.62
5163 0.62
5164 0.34
5165 0.75
5166 0.65
5167 0.57
5168 0.59
5169 0.67
5170 0.44
5171 0.74
5172 0.72
5173 0.36
5174 0.29
5175 0.63
5176 0.74
5177 0.53
3620 0.43
5178 0.60
5179 0.66
5180 0.63
5181 0.69
5182 0.34
5183 0.60
5184 0.31
5185 0.43
5186 0.33
4266 0.47
5187 0.70
5188 0.27
5189 0.66
5190 0.75
5191 0.65
5192 0.43
5193 0.71
5194 0.41
5195 0.53
5196 0.73
5197 0.62
5198 0.66
5199 0.64
5200 0.66
5201 0.48
5202 0.41
1916 0.44
4571 0.60
5203 0.72
5204 0.44
5205 0.54
2955 0.57
5206 0.67
5207 0.51
5208 0.52
5209 0.64
5210 0.65
5211 0.33
5212 0.64
5213 0.52
5214 0.54
5215 0.57
5216 0.73
5217 0.64
5218 0.64
5219 0.73
5220 0.28
5221 0.71
5222 0.72
5223 0.73
5224 0.65
5225 0.56
5226 0.65
5228 0.74
5229 0.72
5230 0.33
5231 0.52
5232 0.45
5233 0.61
5234 0.56
5235 0.73
5236 0.67
5237 0.56
5238 0.50
5239 0.74
5240 0.43
5241 0.70
5242 0.57
5243 0.33
5244 0.51
5245 0.71
108 0.68
5246 0.70
5247 0.65
5248 0.58
5249 0.28
5250 0.60
5251 0.64
5252 0.69
5253 0.44
5254 0.60
5255 0.70
5256 0.52
5257 0.66
5258 0.60
5259 0.60
5260 0.53
5261 0.52
5262 0.66
5263 0.27
5264 0.49
5265 0.38
5266 0.61
5268 0.56
5267 0.60
5269 0.62
5270 0.57
5271 0.75
5272 0.51
5273 0.63
5274 0.63
5275 0.54
5276 0.45
3868 0.75
5277 0.73
5278 0.38
5279 0.57
5280 0.51
5281 0.67
5282 0.56
5283 0.50
5284 0.61
5285 0.66
5286 0.67
5287 0.35
5288 0.60
5289 0.64
5290 0.67
119 0.73
5291 0.58
5292 0.72
4639 0.73
5293 0.53
5294 0.66
5295 0.55
5296 0.59
5297 0.53
5299 0.66
5300 0.53
5301 0.32
5302 0.72
5303 0.65
5304 0.61
5305 0.73
5306 0.25
5307 0.54
5308 0.69
5309 0.50
5310 0.71
5311 0.67
5312 0.31
5313 0.53
5314 0.66
5324 0.51
5325 0.27
5326 0.26
5327 0.52
5328 0.67
5329 0.28
5330 0.63
5331 0.26
5332 0.43
15 0.55
5333 0.67
5334 0.69
5335 0.61
5336 0.54
5337 0.74
5338 0.39
5339 0.39
5340 0.68
5341 0.67
5342 0.47
5343 0.51
5344 0.64
5345 0.74
5346 0.73
5320 0.55
5347 0.58
5348 0.59
5349 0.54
5350 0.63
5351 0.61
5352 0.26
5353 0.53
5354 0.41
5355 0.51
5356 0.54
5357 0.69
5358 0.65
5359 0.43
5360 0.52
5361 0.70
5362 0.56
5363 0.73
5364 0.71
5365 0.73
5366 0.55
5367 0.30
5368 0.29
5369 0.73
5370 0.66
5371 0.39
5372 0.55
5373 0.51
3677 0.63
5374 0.33
5375 0.37
5376 0.69
5377 0.50
5378 0.71
5379 0.63
5380 0.73
5381 0.58
5382 0.61
5383 0.60
5384 0.57
5385 0.51
5386 0.65
5387 0.55
5388 0.28
5389 0.71
5390 0.42
5391 0.63
5392 0.59
5393 0.51
5394 0.45
5395 0.31
5396 0.54
5397 0.59
5398 0.43
5406 0.63
5407 0.37
5408 0.60
5409 0.37
5410 0.71
5411 0.70
5412 0.57
5413 0.71
5414 0.58
5415 0.29
5416 0.37
5417 0.62
5418 0.27
5419 0.54
2896 0.54
5420 0.35
5421 0.67
5422 0.58
5423 0.70
5424 0.54
5425 0.56
5426 0.59
3821 0.60
5427 0.66
5405 0.68
5428 0.30
5429 0.32
5430 0.55
5431 0.55
5432 0.74
5433 0.52
5434 0.27
5435 0.66
5436 0.27
5437 0.61
5438 0.55
5404 0.31
5439 0.51
5440 0.74
5441 0.74
5442 0.69
5443 0.73
5444 0.35
5445 0.54
5446 0.62
5447 0.57
5448 0.63
5449 0.54
5450 0.56
5451 0.72
5452 0.32
5453 0.70
5454 0.74
5455 0.59
5456 0.39
5457 0.54
5458 0.32
5459 0.51
5461 0.56
5462 0.61
5463 0.31
5464 0.64
5465 0.53
5466 0.53
5467 0.60
5468 0.27
5469 0.31
5470 0.68
5471 0.45
5472 0.44
5473 0.63
5474 0.31
5475 0.36
5476 0.26
5477 0.62
5478 0.68
5479 0.34
5480 0.70
5481 0.45
5482 0.72
5483 0.66
5484 0.52
5485 0.70
5319 0.71
5486 0.68
5487 0.67
5488 0.65
5489 0.42
5490 0.32
5491 0.35
5492 0.67
5493 0.63
5494 0.72
5495 0.60
5496 0.51
5497 0.52
4485 0.71
5498 0.57
5499 0.58
5500 0.46
5501 0.72
5502 0.58
5503 0.49
5504 0.35
5505 0.52
5506 0.69
3369 0.68
5507 0.46
5508 0.73
5509 0.44
5510 0.54
5511 0.54
5512 0.57
5513 0.52
5514 0.55
5515 0.60
5516 0.67
5517 0.74
5518 0.59
5519 0.45
5520 0.62
5521 0.44
5522 0.53
5523 0.61
5524 0.61
5525 0.70
5526 0.52
5527 0.63
5528 0.60
5529 0.46
5530 0.66
5531 0.53
5532 0.36
5533 0.27
5534 0.53
5535 0.50
5536 0.51
5537 0.59
5538 0.53
5539 0.57
5540 0.36
5541 0.62
5542 0.67
5543 0.70
5544 0.62
5545 0.70
5546 0.69
5547 0.56
2854 0.34
2853 0.70
5548 0.61
5400 0.73
5549 0.54
139 0.36
5550 0.60
5551 0.59
5552 0.49
5553 0.47
5554 0.73
5555 0.44
5556 0.63
5557 0.63
5558 0.73
5559 0.75
5560 0.63
5561 0.59
5562 0.73
5563 0.67
5564 0.42
5565 0.48
5566 0.65
5567 0.62
5568 0.55
5569 0.67
5570 0.52
5571 0.54
5572 0.56
5573 0.65
5574 0.59
5575 0.59
5576 0.64
5577 0.31
5578 0.64
5579 0.66
5580 0.53
5581 0.68
5582 0.51
5583 0.74
5584 0.74
5585 0.43
5586 0.49
5587 0.52
4640 0.72
5588 0.50
5589 0.29
5590 0.67
5591 0.66
5592 0.57
5593 0.31
5595 0.51
5596 0.58
5597 0.57
5598 0.65
5599 0.47
5600 0.59
5601 0.42
5602 0.71
5603 0.61
5604 0.52
5605 0.62
5606 0.27
5607 0.58
5608 0.74
5609 0.67
5610 0.54
5611 0.69
5612 0.63
5613 0.57
5614 0.28
5615 0.75
5616 0.70
5617 0.32
5618 0.57
5619 0.52
5620 0.73
5621 0.67
5622 0.67
5623 0.51
5624 0.72
5625 0.57
5594 0.67
5626 0.68
5627 0.57
5628 0.74
5629 0.70
5630 0.62
5631 0.56
5632 0.32
5633 0.56
5634 0.55
5635 0.70
5636 0.32
5637 0.57
5638 0.40
5639 0.62
5640 0.31
5641 0.28
5643 0.54
5647 0.63
5648 0.42
5649 0.28
5650 0.73
5651 0.62
5652 0.52
5653 0.59
5654 0.67
5655 0.55
5656 0.54
5657 0.64
5658 0.55
5659 0.40
5660 0.45
5661 0.75
5662 0.57
5663 0.51
5664 0.25
5665 0.57
5666 0.53
5667 0.54
5668 0.52
5669 0.53
5670 0.64
5673 0.64
5674 0.68
5675 0.35
5676 0.46
5677 0.72
5678 0.63
5679 0.63
5680 0.57
5681 0.46
5682 0.51
5683 0.45
5684 0.53
5685 0.58
5686 0.59
5687 0.66
5688 0.53
5689 0.56
5690 0.58
5691 0.62
5692 0.73
5693 0.64
5694 0.53
5695 0.66
5696 0.55
5697 0.66
5698 0.63
5699 0.61
5700 0.59
5701 0.72
5702 0.41
5703 0.57
5704 0.55
5705 0.72
5706 0.46
5707 0.69
5708 0.69
5709 0.41
5710 0.60
5711 0.63
5712 0.51
3746 0.57
5713 0.38
5714 0.33
5715 0.57
5716 0.47
5717 0.42
5718 0.72
5719 0.31
5720 0.29
5721 0.46
5722 0.67
5723 0.50
5724 0.53
5725 0.70
5726 0.57
5727 0.51
5728 0.57
5729 0.64
5730 0.73
5731 0.72
5732 0.65
3570 0.73
5733 0.62
5734 0.68
5735 0.75
5736 0.72
5737 0.74
5738 0.58
5739 0.36
5740 0.73
5741 0.59
5742 0.59
5743 0.70
5744 0.34
5745 0.71
5746 0.67
5747 0.55
5748 0.57
5749 0.53
5750 0.74
5751 0.58
5752 0.55
5753 0.34
5754 0.26
5755 0.58
5756 0.53
5757 0.63
5758 0.55
5759 0.50
5760 0.29
5761 0.48
5762 0.74
5770 0.36
5771 0.40
5772 0.69
5773 0.69
5774 0.64
5775 0.65
5776 0.58
4750 0.66
5777 0.53
5778 0.53
5779 0.57
5780 0.58
5781 0.45
5782 0.35
5783 0.68
5784 0.73
4572 0.41
5785 0.43
5786 0.64
5787 0.55
4568 0.51
5788 0.51
5789 0.56
5790 0.60
5791 0.31
5792 0.67
5793 0.72
5794 0.62
5795 0.71
5796 0.29
5797 0.58
5798 0.44
5799 0.57
5800 0.33
5801 0.69
5802 0.66
5803 0.45
5804 0.44
5805 0.61
5806 0.54
5807 0.64
5808 0.63
5809 0.71
2062 0.27
5810 0.51
5811 0.32
5812 0.66
5813 0.59
5814 0.61
5815 0.61
5816 0.57
5817 0.65
5818 0.50
5819 0.66
5820 0.37
5821 0.58
5822 0.67
5823 0.66
5824 0.70
5825 0.70
5826 0.73
5827 0.58
5828 0.54
5829 0.69
5830 0.61
5831 0.62
5832 0.64
5833 0.66
5834 0.52
5837 0.64
5838 0.33
5839 0.35
5840 0.30
5841 0.56
5842 0.72
5843 0.56
5844 0.40
5845 0.59
5401 0.72
5846 0.70
5847 0.71
5848 0.53
5849 0.73
5850 0.71
5851 0.53
5852 0.70
5853 0.32
5854 0.59
5855 0.52
5856 0.32
5857 0.55
5858 0.29
5859 0.33
5860 0.72
5861 0.68
5862 0.32
3186 0.51
3819 0.60
5863 0.58
5864 0.62
5865 0.71
5866 0.74
5867 0.27
5868 0.47
5869 0.61
5870 0.52
5871 0.55
5872 0.74
5873 0.50
5874 0.48
5875 0.60
5876 0.28
5877 0.46
5878 0.59
5879 0.36
5880 0.71
5881 0.32
5882 0.61
5883 0.58
5884 0.53
5885 0.51
4967 0.59
5886 0.64
5887 0.38
5888 0.59
5889 0.60
5890 0.51
5891 0.53
5892 0.68
5893 0.74
5894 0.58
5895 0.51
5896 0.59
5897 0.53
5898 0.57
5899 0.67
5900 0.55
5901 0.72
5902 0.74
5903 0.46
5904 0.58
5905 0.69
4747 0.51
5906 0.56
5907 0.53
5908 0.52
5909 0.69
5910 0.61
5911 0.51
5912 0.58
5913 0.58
5914 0.50
5915 0.58
5916 0.39
5917 0.52
5918 0.66
5919 0.54
5920 0.67
5921 0.73
5922 0.50
5923 0.59
5924 0.72
5925 0.62
5926 0.70
5927 0.46
5928 0.31
5460 0.64
5929 0.61
5930 0.57
4748 0.54
4749 0.59
5933 0.57
5934 0.69
5935 0.43
5936 0.67
5937 0.69
5938 0.67
3611 0.57
5939 0.36
5940 0.70
5941 0.60
5942 0.66
5943 0.69
5944 0.40
5945 0.74
5946 0.65
5947 0.57
5948 0.73
5949 0.71
5950 0.60
5951 0.68
5952 0.71
5953 0.38
5954 0.64
5955 0.73
5956 0.55
5957 0.49
3794 0.60
5958 0.63
5959 0.72
5960 0.68
5961 0.26
5962 0.35
5963 0.58
5964 0.68
5965 0.55
5966 0.68
5967 0.50
5968 0.56
5969 0.69
5970 0.66
5971 0.63
5972 0.66
5973 0.67
5974 0.64
5975 0.75
5976 0.29
5977 0.70
5978 0.59
3822 0.34
5979 0.47
5980 0.41
5981 0.41
5982 0.72
4681 0.39
5983 0.68
5984 0.70
5985 0.72
5986 0.41
5987 0.68
5988 0.75
5989 0.45
5990 0.75
5991 0.56
5992 0.40
5993 0.70
5994 0.55
5995 0.64
5996 0.52
5997 0.70
5998 0.59
5999 0.62
6000 0.42
6001 0.69
6002 0.54
6003 0.34
6004 0.62
6005 0.52
6006 0.67
6007 0.62
6008 0.34
6009 0.60
6010 0.68
6011 0.45
6012 0.66
6013 0.33
6014 0.54
6015 0.69
6016 0.73
6017 0.28
6019 0.53
6020 0.45
6021 0.64
6022 0.51
6023 0.33
6024 0.56
6025 0.55
6026 0.61
6027 0.38
6028 0.72
6029 0.49
6030 0.50
6031 0.53
6032 0.75
6033 0.64
6034 0.51
6035 0.75
6036 0.60
6037 0.60
6038 0.55
6039 0.35
6040 0.47
6041 0.44
6042 0.50
6043 0.74
6044 0.71
6045 0.34
6046 0.34
6047 0.69
6048 0.66
6049 0.51
6050 0.65
6051 0.74
6052 0.30
6053 0.52
6054 0.60
6055 0.57
6056 0.71
6057 0.71
6058 0.55
6059 0.58
6060 0.54
6061 0.63
6062 0.68
6063 0.65
6064 0.26
6065 0.65
6066 0.60
6067 0.40
6068 0.70
6069 0.61
6070 0.52
6071 0.67
3364 0.64
6072 0.45
6073 0.38
6074 0.50
6075 0.56
6076 0.71
6077 0.44
6078 0.57
6079 0.51
6080 0.54
6081 0.52
6082 0.62
6083 0.53
6084 0.74
6085 0.73
6086 0.38
6087 0.71
6088 0.50
6094 0.63
6095 0.59
6096 0.52
6097 0.56
6098 0.61
6099 0.55
6100 0.51
6101 0.58
6103 0.31
6104 0.58
6105 0.61
6106 0.63
6107 0.57
6108 0.48
6109 0.46
5321 0.29
6110 0.56
6111 0.25
6113 0.53
6114 0.51
6115 0.44
6116 0.63
6117 0.62
6118 0.52
6119 0.32
6120 0.63
6121 0.54
6122 0.30
6123 0.74
6124 0.54
6125 0.59
6126 0.63
6127 0.73
6128 0.62
6129 0.73
6130 0.60
6131 0.58
6132 0.74
6133 0.52
6134 0.51
6135 0.68
6136 0.52
6137 0.27
6138 0.65
6139 0.61
6140 0.55
6141 0.59
6142 0.56
6143 0.68
6144 0.65
6145 0.38
6146 0.42
6147 0.51
6148 0.75
6149 0.50
6150 0.56
6151 0.62
6152 0.25
6153 0.55
6154 0.31
6155 0.30
6156 0.72
28 0.67
6157 0.63
6159 0.73
2899 0.62
6160 0.71
6161 0.70
6162 0.39
6163 0.49
6164 0.66
6165 0.63
6166 0.59
6167 0.59
6168 0.74
6169 0.67
3588 0.57
6170 0.41
6171 0.38
6172 0.70
6173 0.68
6174 0.38
6175 0.47
6176 0.74
6177 0.54
6178 0.61
6179 0.65
6180 0.56
6181 0.41
6182 0.69
6183 0.74
6184 0.67
6185 0.30
6186 0.68
6187 0.47
6188 0.61
6189 0.62
6190 0.49
6191 0.54
6192 0.33
6193 0.55
6194 0.65
6198 0.32
6199 0.70
6200 0.65
6201 0.73
6202 0.35
6203 0.34
6204 0.52
6205 0.59
6206 0.55
6207 0.66
6208 0.61
6209 0.53
6210 0.73
6211 0.49
6212 0.52
6213 0.62
6214 0.75
6215 0.56
6216 0.29
6217 0.38
6218 0.62
6219 0.72
6220 0.49
6221 0.44
6222 0.55
6223 0.55
6224 0.69
6225 0.67
6226 0.64
6227 0.29
6228 0.62
6229 0.50
6230 0.70
6231 0.39
6232 0.37
6233 0.52
6234 0.48
6235 0.54
6236 0.41
6237 0.57
6238 0.65
6239 0.31
6240 0.67
6241 0.29
6242 0.69
6243 0.46
6244 0.61
6245 0.33
6246 0.34
6247 0.60
6248 0.74
6249 0.43
6250 0.62
6251 0.75
6252 0.64
6253 0.71
6254 0.54
6255 0.73
6257 0.64
6258 0.63
6259 0.51
6260 0.72
6261 0.57
6262 0.75
6263 0.46
6264 0.61
6265 0.39
6266 0.53
6267 0.65
6268 0.68
6269 0.72
6270 0.53
6271 0.37
6272 0.39
6273 0.67
6281 0.46
6282 0.70
6283 0.60
6291 0.64
6292 0.51
6293 0.37
6294 0.70
6295 0.58
6296 0.70
6297 0.56
6298 0.50
6299 0.51
6300 0.61
6301 0.62
6302 0.42
6303 0.49
6304 0.61
6305 0.66
6306 0.61
6307 0.70
6308 0.60
6309 0.65
6310 0.30
6311 0.59
6312 0.53
6313 0.74
6314 0.40
6315 0.31
6316 0.66
6317 0.58
6318 0.67
6319 0.30
6320 0.52
6321 0.66
6322 0.68
6323 0.64
6324 0.28
6325 0.68
6326 0.28
6327 0.51
6328 0.64
6329 0.62
6330 0.61
6331 0.50
6332 0.58
6333 0.67
6334 0.63
6335 0.47
6336 0.57
6337 0.70
6338 0.55
6339 0.29
6340 0.52
6341 0.61
6342 0.64
6343 0.73
6344 0.59
6345 0.67
6346 0.50
6347 0.56
6348 0.69
6349 0.52
6350 0.61
6351 0.57
6352 0.69
6353 0.56
6354 0.53
6360 0.62
6361 0.38
6362 0.59
6363 0.59
6364 0.64
6365 0.65
6366 0.42
6367 0.60
6368 0.35
6369 0.74
6370 0.60
6371 0.36
6372 0.55
6373 0.51
6374 0.68
6375 0.30
6376 0.64
6377 0.64
6378 0.65
6379 0.53
6380 0.59
6381 0.61
6382 0.62
6383 0.67
6384 0.71
6385 0.62
6386 0.62
6387 0.51
6388 0.48
6389 0.51
6390 0.53
6391 0.65
6392 0.48
6393 0.53
6394 0.46
6395 0.60
6396 0.70
6397 0.48
6398 0.69
6399 0.25
6400 0.60
6401 0.53
6402 0.71
6403 0.65
6404 0.66
6405 0.73
6406 0.38
6431 0.43
6432 0.68
6433 0.66
6434 0.67
6435 0.58
6436 0.57
6437 0.59
6438 0.61
6439 0.74
6440 0.37
6441 0.70
6442 0.59
6443 0.41
6444 0.54
6445 0.60
6446 0.59
6447 0.50
6448 0.53
6449 0.50
6450 0.49
6451 0.28
6452 0.51
6453 0.51
6454 0.67
6455 0.56
6456 0.64
6457 0.54
6458 0.69
6459 0.63
6460 0.73
6461 0.57
6467 0.30
6468 0.54
6469 0.37
6471 0.59
6472 0.32
6473 0.40
6475 0.27
6476 0.68
6477 0.62
6478 0.48
6479 0.60
6480 0.56
133 0.71
6481 0.52
6482 0.52
6483 0.64
6484 0.31
6485 0.51
6486 0.70
6487 0.69
3430 0.28
6488 0.51
6489 0.61
6490 0.65
6491 0.64
6492 0.38
6493 0.67
6494 0.63
6495 0.35
6496 0.35
6497 0.65
6502 0.56
6503 0.44
6504 0.63
2848 0.62
6505 0.47
6506 0.73
6507 0.69
6508 0.51
6509 0.25
6510 0.62
6511 0.68
6512 0.66
6513 0.36
6516 0.66
6517 0.74
6518 0.58
6519 0.43
6520 0.36
6521 0.60
6522 0.71
6523 0.60
6525 0.69
6526 0.65
6527 0.65
6528 0.58
6529 0.69
6530 0.50
6531 0.66
6532 0.65
6533 0.74
6534 0.53
6545 0.55
6546 0.35
6547 0.67
6548 0.62
6549 0.63
6550 0.60
6551 0.68
6552 0.72
6553 0.30
6554 0.50
6555 0.71
6556 0.64
6557 0.39
6558 0.63
6559 0.70
6560 0.34
6561 0.52
6562 0.63
6563 0.39
6564 0.64
6565 0.29
6535 0.62
6566 0.37
6567 0.72
6568 0.72
6569 0.63
6570 0.64
6571 0.51
6572 0.73
6573 0.49
6574 0.70
6575 0.61
6576 0.70
6577 0.28
6578 0.40
5402 0.67
6579 0.39
6580 0.34
6581 0.64
6582 0.59
6583 0.56
6584 0.60
6585 0.56
6586 0.34
6587 0.54
6588 0.50
6589 0.34
6590 0.72
6591 0.65
6592 0.52
6593 0.62
6594 0.54
6595 0.72
6596 0.60
6597 0.58
6598 0.30
6599 0.51
6600 0.52
6601 0.45
6602 0.25
6603 0.33
6604 0.46
6605 0.60
6606 0.51
6607 0.61
6608 0.60
6538 0.71
6609 0.57
6610 0.68
6611 0.28
6612 0.49
6613 0.61
6614 0.63
6615 0.52
6616 0.66
6617 0.55
6089 0.70
6618 0.62
6619 0.72
6620 0.27
6621 0.58
6622 0.69
6623 0.67
6624 0.43
6625 0.72
6626 0.57
6627 0.53
6628 0.31
6629 0.52
6630 0.36
6631 0.71
6632 0.53
6637 0.58
6638 0.75
5763 0.63
6639 0.62
6640 0.30
6641 0.45
6642 0.53
6643 0.72
6644 0.69
6645 0.51
6646 0.57
6647 0.34
6358 0.71
6648 0.34
6649 0.74
6650 0.56
6651 0.40
6652 0.62
6653 0.57
6466 0.53
6654 0.63
6655 0.37
6656 0.48
6657 0.66
6658 0.65
6659 0.70
6660 0.48
6661 0.50
6662 0.27
6663 0.68
6664 0.37
6665 0.52
6666 0.69
6667 0.74
6668 0.64
6669 0.46
6670 0.43
6671 0.53
6672 0.58
6674 0.69
6675 0.64
6676 0.60
6677 0.65
6678 0.60
6679 0.53
6680 0.57
6681 0.25
6636 0.59
6682 0.58
6683 0.49
6684 0.45
6685 0.52
6686 0.53
6687 0.27
6688 0.44
6689 0.45
6690 0.58
6691 0.63
6692 0.72
6693 0.57
6694 0.74
6695 0.35
6696 0.45
6697 0.65
6698 0.74
6699 0.62
6700 0.66
6701 0.49
6702 0.49
6703 0.67
6704 0.60
6705 0.55
6706 0.57
6707 0.63
5087 0.65
6708 0.35
6709 0.66
6710 0.67
6711 0.50
6712 0.73
6713 0.74
6714 0.31
6515 0.70
6715 0.52
6716 0.25
6717 0.60
6718 0.47
6719 0.69
6720 0.70
6721 0.30
6722 0.37
6723 0.31
6724 0.52
6725 0.68
3743 0.50
6726 0.45
6727 0.71
6728 0.63
6729 0.28
6730 0.59
6731 0.52
6733 0.69
6734 0.65
6735 0.51
6736 0.62
6737 0.72
6738 0.74
6739 0.64
1197 0.33
6740 0.72
6741 0.67
6742 0.35
6743 0.71
6744 0.70
6745 0.68
6746 0.69
6747 0.36
6751 0.62
6752 0.54
6753 0.72
6754 0.59
6755 0.73
6756 0.52
6757 0.61
6758 0.27
6759 0.51
6760 0.60
6761 0.61
6762 0.55
6763 0.67
6764 0.29
6765 0.72
6766 0.33
6767 0.37
6768 0.52
6769 0.53
6770 0.25
6771 0.55
6772 0.29
6773 0.48
6774 0.56
6775 0.67
6776 0.69
6777 0.38
6778 0.62
6779 0.38
6780 0.50
6789 0.63
6790 0.63
6791 0.67
6792 0.57
6793 0.26
6794 0.49
6795 0.51
6796 0.73
6797 0.69
6798 0.65
6799 0.42
6800 0.35
6801 0.48
6802 0.63
6803 0.70
6804 0.32
6805 0.68
6806 0.32
6807 0.61
6808 0.56
6809 0.54
6810 0.58
6811 0.62
6812 0.60
6813 0.51
6814 0.55
6815 0.65
6816 0.70
6817 0.72
6818 0.74
6819 0.66
6820 0.57
6821 0.66
6822 0.61
6824 0.37
6825 0.59
6826 0.74
6827 0.42
6828 0.69
6829 0.44
6830 0.61
6831 0.42
6832 0.74
6833 0.55
6834 0.28
6835 0.51
6836 0.69
6837 0.30
6838 0.61
6839 0.71
5061 0.43
2717 0.62
5081 0.70
6840 0.68
5836 0.71
6841 0.58
6842 0.67
6843 0.62
368 0.34
6844 0.54
6845 0.40
6846 0.34
6847 0.59
6848 0.74
6849 0.53
6850 0.41
6851 0.59
6852 0.55
6853 0.56
6854 0.53
6855 0.51
6856 0.50
6857 0.50
6858 0.61
6859 0.66
6860 0.71
6861 0.59
6862 0.30
6863 0.46
6864 0.73
6865 0.71
6866 0.55
6867 0.68
6868 0.71
6869 0.56
6870 0.72
6871 0.53
6872 0.38
6873 0.55
6874 0.54
6875 0.52
6876 0.73
6877 0.44
6878 0.65
6879 0.54
6880 0.38
6881 0.49
6882 0.62
6883 0.45
6884 0.51
6885 0.30
6886 0.52
6887 0.58
6888 0.73
6889 0.48
5086 0.48
6890 0.69
6891 0.52
6892 0.39
3797 0.54
6893 0.73
6894 0.70
6895 0.73
6896 0.70
6897 0.72
6898 0.38
6899 0.36
6900 0.60
6901 0.56
6902 0.52
6903 0.58
6904 0.43
6905 0.29
6906 0.74
6907 0.35
6908 0.68
6909 0.59
6910 0.28
6911 0.26
6912 0.71
6913 0.56
6914 0.67
6915 0.71
6916 0.69
6917 0.59
6918 0.70
6919 0.69
6920 0.44
6921 0.66
6922 0.69
6256 0.28
6924 0.70
6925 0.60
6408 0.68
6926 0.59
6927 0.46
6928 0.60
6929 0.64
6930 0.51
6931 0.30
6932 0.67
6933 0.30
6934 0.73
6935 0.38
6936 0.29
6937 0.75
6938 0.65
6939 0.37
6940 0.51
6941 0.74
6942 0.61
6943 0.51
6944 0.74
6945 0.66
6946 0.58
6947 0.62
6948 0.51
6949 0.41
6950 0.73
6951 0.68
6952 0.69
6953 0.50
6954 0.58
6955 0.72
6956 0.62
6957 0.74
6958 0.71
6959 0.58
6960 0.74
6961 0.66
6962 0.32
6963 0.56
6964 0.53
6965 0.64
6966 0.39
6967 0.54
6968 0.65
6969 0.61
6673 0.35
6971 0.72
6972 0.69
6973 0.66
6288 0.51
5835 0.52
6974 0.32
6975 0.41
6976 0.58
6977 0.73
6978 0.69
6979 0.63
6980 0.32
6981 0.61
6982 0.69
6983 0.54
6984 0.52
6985 0.52
6986 0.64
6987 0.52
6988 0.48
6989 0.65
6990 0.65
6991 0.69
6992 0.68
6993 0.51
6994 0.33
6995 0.75
6996 0.26
6997 0.59
6998 0.67
6999 0.53
7000 0.63
7001 0.71
7002 0.70
7003 0.52
7004 0.55
7005 0.59
7006 0.73
6970 0.52
7007 0.45
7008 0.52
7009 0.56
7010 0.51
7011 0.53
7012 0.51
7013 0.50
7014 0.48
7015 0.36
7016 0.67
7017 0.43
7018 0.71
7019 0.75
7020 0.68
7021 0.68
2752 0.65
7022 0.25
7023 0.61
7024 0.61
7025 0.34
7026 0.63
7027 0.54
7029 0.37
7039 0.59
7040 0.69
7041 0.71
7042 0.50
7043 0.38
7044 0.56
7045 0.61
7046 0.64
7047 0.52
7048 0.51
7049 0.54
7050 0.27
7051 0.63
7052 0.72
7053 0.66
7054 0.26
7055 0.31
7057 0.56
7058 0.66
7059 0.73
7060 0.68
7061 0.56
7062 0.74
7069 0.28
7070 0.73
7071 0.73
7072 0.44
7073 0.51
7074 0.74
7075 0.51
7076 0.35
3590 0.49
3466 0.35
742 0.43
7077 0.74
7078 0.40
739 0.39
7079 0.40
7080 0.52
7081 0.66
7082 0.36
7083 0.69
7084 0.66
7085 0.54
2253 0.49
7086 0.62
7087 0.69
7088 0.44
7089 0.51
7090 0.67
7091 0.63
7092 0.56
7093 0.51
7094 0.62
7095 0.54
7097 0.70
7098 0.59
7099 0.70
7100 0.53
7101 0.31
7102 0.70
7103 0.72
7104 0.51
7105 0.75
7106 0.51
7107 0.40
7108 0.52
7109 0.72
7110 0.68
7111 0.54
7112 0.33
7113 0.60
7114 0.55
2714 0.74
7115 0.50
7116 0.54
7117 0.64
7118 0.53
7119 0.74
7120 0.59
7121 0.69
7122 0.26
2751 0.44
7123 0.39
7124 0.54
7125 0.74
7126 0.66
7127 0.43
7128 0.60
3468 0.58
7129 0.45
7130 0.59
7132 0.56
6093 0.64
7133 0.60
7139 0.51
7140 0.63
7141 0.56
7142 0.58
7143 0.61
7144 0.44
7145 0.54
7146 0.65
7147 0.30
7148 0.46
7149 0.63
7150 0.61
7151 0.58
7152 0.61
7153 0.42
7154 0.65
7155 0.63
7156 0.51
7157 0.33
7158 0.62
7159 0.72
7160 0.56
7161 0.45
7162 0.67
7167 0.61
7168 0.66
7169 0.62
7170 0.37
3678 0.50
7171 0.61
7172 0.62
7173 0.55
7174 0.70
7175 0.52
7176 0.69
7177 0.48
7178 0.75
7179 0.59
7180 0.34
7181 0.64
7182 0.61
7183 0.52
7186 0.52
7187 0.71
7188 0.62
7189 0.53
7190 0.71
7191 0.60
7192 0.33
7193 0.60
7194 0.60
7195 0.74
7196 0.75
7197 0.51
7198 0.70
7199 0.61
7200 0.48
7201 0.46
7202 0.73
7204 0.68
7205 0.73
7206 0.62
7207 0.55
7208 0.62
7216 0.64
7217 0.63
7218 0.71
7219 0.75
7220 0.46
7221 0.53
7222 0.74
7223 0.56
3747 0.73
7224 0.64
7225 0.63
7226 0.63
7227 0.40
7228 0.56
7229 0.51
7230 0.37
7231 0.68
7232 0.51
7233 0.57
7234 0.39
7235 0.72
7236 0.59
7237 0.51
7238 0.34
7239 0.66
3425 0.62
7240 0.65
7241 0.63
7242 0.67
7243 0.34
7244 0.73
7245 0.56
7246 0.69
7247 0.52
7248 0.69
7249 0.33
7250 0.25
7251 0.65
7252 0.70
6524 0.63
7253 0.67
7254 0.64
7255 0.59
7256 0.71
3749 0.64
7257 0.56
3615 0.67
7258 0.62
7259 0.60
7260 0.46
7037 0.73
7261 0.54
7262 0.73
7263 0.44
7264 0.53
7265 0.65
7267 0.34
7268 0.68
7269 0.72
7270 0.55
7271 0.71
7272 0.32
7273 0.29
7274 0.58
7279 0.54
7280 0.26
7281 0.31
7282 0.61
7283 0.57
7284 0.42
7286 0.62
7287 0.61
7288 0.46
7289 0.57
7290 0.37
7291 0.56
7292 0.75
7293 0.75
7294 0.63
7295 0.53
7296 0.60
7297 0.58
7299 0.66
7300 0.28
7301 0.66
7302 0.69
7303 0.75
7304 0.65
7305 0.51
7306 0.62
7307 0.53
7308 0.74
7309 0.70
7310 0.72
7311 0.56
7312 0.65
7313 0.47
7314 0.54
7315 0.65
7325 0.69
7326 0.70
7327 0.64
7328 0.53
7329 0.57
7330 0.72
7331 0.45
7332 0.39
7333 0.66
7334 0.74
7335 0.66
7336 0.70
7337 0.51
7338 0.28
7339 0.48
7340 0.53
7341 0.68
7342 0.55
7343 0.73
7344 0.59
7345 0.73
7346 0.73
7347 0.54
7348 0.61
7349 0.72
7350 0.74
7352 0.51
7353 0.53
7354 0.57
7355 0.51
7356 0.66
7319 0.35
7320 0.71
7357 0.39
7358 0.67
7359 0.39
7360 0.49
7361 0.72
7362 0.60
7363 0.56
7364 0.66
7366 0.29
7367 0.41
7368 0.54
7369 0.39
7370 0.56
7371 0.55
7372 0.49
7373 0.37
7374 0.38
7375 0.68
7376 0.73
7377 0.71
7378 0.43
7379 0.41
7380 0.61
7381 0.33
7382 0.55
7383 0.72
7384 0.25
7385 0.73
7386 0.61
7387 0.58
7388 0.58
7389 0.64
7390 0.48
7391 0.71
7392 0.68
7393 0.29
7394 0.43
7395 0.53
7396 0.63
7397 0.54
7398 0.58
7399 0.70
7400 0.68
3609 0.44
7401 0.61
7402 0.52
7403 0.52
7404 0.35
7405 0.27
7406 0.70
7407 0.32
7408 0.60
7409 0.67
7410 0.57
7411 0.65
7412 0.55
7413 0.52
7414 0.59
7415 0.62
3613 0.70
7416 0.67
7417 0.51
7418 0.59
7419 0.38
7420 0.60
7421 0.55
7422 0.55
7423 0.54
7424 0.41
7425 0.53
7426 0.69
7427 0.45
7428 0.44
7429 0.69
7430 0.70
7431 0.55
7432 0.70
7433 0.61
7434 0.67
3571 0.34
7435 0.53
7436 0.66
7437 0.71
7438 0.52
7439 0.71
7440 0.63
7441 0.36
7442 0.71
7443 0.59
7444 0.63
7445 0.55
7447 0.70
7448 0.53
7449 0.47
7450 0.72
7451 0.35
7452 0.62
7453 0.69
7454 0.66
7455 0.53
7456 0.67
7457 0.58
7458 0.74
7459 0.60
7460 0.41
2715 0.35
7461 0.29
7462 0.67
7463 0.70
7464 0.55
7465 0.63
7466 0.56
7467 0.62
7468 0.70
7469 0.69
7471 0.63
7472 0.38
7473 0.28
7474 0.50
7475 0.42
7476 0.75
7477 0.52
7478 0.64
7479 0.64
7480 0.52
7481 0.61
4730 0.75
7482 0.63
7483 0.40
7484 0.25
7485 0.62
7486 0.63
7487 0.51
7488 0.55
7489 0.46
7322 0.58
7491 0.72
7490 0.60
7492 0.69
7493 0.59
7498 0.54
7499 0.57
7500 0.58
7501 0.64
7031 0.66
7502 0.25
7503 0.58
7504 0.71
7505 0.71
7506 0.50
7507 0.58
7515 0.72
7516 0.50
7035 0.71
3600 0.44
7517 0.37
7518 0.74
7519 0.56
7520 0.67
7521 0.64
7522 0.65
7523 0.27
2716 0.58
7525 0.66
7526 0.36
7527 0.55
7528 0.71
7529 0.54
7530 0.36
7539 0.48
7540 0.65
7541 0.70
7542 0.42
7511 0.47
7543 0.69
7544 0.71
7545 0.70
7546 0.63
7547 0.69
7548 0.51
7549 0.25
7550 0.53
7551 0.43
7552 0.73
7553 0.68
7554 0.65
7555 0.51
7556 0.63
7557 0.60
7558 0.62
7559 0.62
7560 0.47
7561 0.75
7562 0.66
7564 0.62
4490 0.72
7565 0.63
7566 0.39
7567 0.64
7576 0.65
7577 0.65
7578 0.70
7579 0.59
7580 0.64
7581 0.62
7582 0.65
7583 0.58
7584 0.49
7585 0.57
7586 0.69
7587 0.49
7588 0.72
7589 0.31
7590 0.67
7591 0.41
7592 0.51
7593 0.47
7594 0.52
7595 0.61
7596 0.52
7597 0.70
7598 0.69
7599 0.75
7600 0.68
7601 0.70
7602 0.54
7603 0.54
7604 0.37
7605 0.64
7606 0.68
7607 0.72
7446 0.56
7608 0.70
7609 0.63
7610 0.28
7611 0.52
7612 0.50
7613 0.74
7614 0.52
7615 0.60
7616 0.72
7617 0.67
7618 0.45
7619 0.58
7620 0.60
7621 0.60
7622 0.75
7623 0.66
7624 0.61
7625 0.56
7626 0.68
7627 0.70
7628 0.59
7629 0.69
7630 0.68
7631 0.25
7633 0.46
7278 0.52
7634 0.59
7635 0.61
7636 0.65
7637 0.62
7638 0.72
7639 0.68
7640 0.59
7641 0.47
7642 0.38
7643 0.53
7644 0.66
7645 0.39
7646 0.50
7647 0.74
7648 0.29
7649 0.40
7650 0.32
7667 0.26
7668 0.54
7669 0.56
7670 0.51
7671 0.57
7672 0.47
7673 0.55
7674 0.47
7675 0.59
7676 0.65
7677 0.71
7678 0.65
7679 0.70
7680 0.74
7681 0.61
7682 0.52
7166 0.34
7683 0.61
7684 0.27
7685 0.66
7686 0.55
7687 0.72
7691 0.51
7692 0.66
7693 0.54
7694 0.59
7695 0.59
7696 0.73
7709 0.74
7697 0.54
7698 0.34
7706 0.69
7710 0.71
7715 0.75
7716 0.73
7717 0.25
7718 0.47
7719 0.71
7720 0.67
7721 0.52
7722 0.56
7723 0.68
7724 0.45
7725 0.43
7726 0.73
7727 0.74
7728 0.67
7729 0.37
7730 0.56
7731 0.52
7732 0.57
7733 0.71
7734 0.63
7735 0.60
7736 0.73
7742 0.32
7743 0.68
7744 0.71
7745 0.72
7746 0.73
7747 0.69
7748 0.50
7749 0.61
7750 0.62
7751 0.65
7534 0.53
7533 0.28
7752 0.68
7753 0.64
7754 0.34
7755 0.50
7756 0.64
7757 0.67
7758 0.45
7759 0.67
7760 0.55
7761 0.64
7762 0.68
7763 0.60
7764 0.59
7765 0.66
7766 0.25
7767 0.58
7768 0.65
7769 0.53
7770 0.66
7771 0.52
7772 0.57
7773 0.52
4018 0.72
7774 0.29
7775 0.50
7776 0.73
7777 0.74
7778 0.62
7779 0.50
7298 0.33
7780 0.59
7781 0.71
7782 0.51
7783 0.52
7784 0.41
7785 0.64
7786 0.66
7787 0.58
7788 0.60
7789 0.40
7790 0.64
7791 0.59
7792 0.30
7793 0.51
7794 0.39
7277 0.56
7795 0.47
7740 0.29
7796 0.31
7797 0.64
7798 0.73
7799 0.55
7800 0.65
7801 0.62
7802 0.60
7803 0.62
7064 0.26
7317 0.75
7804 0.65
7805 0.61
7806 0.74
7807 0.63
7808 0.57
7809 0.68
7810 0.72
7811 0.75
7812 0.55
7813 0.50
7814 0.62
7815 0.69
7816 0.61
7817 0.51
7818 0.59
7819 0.49
7820 0.26
7821 0.48
7822 0.43
7823 0.72
7824 0.41
7825 0.69
7826 0.56
7827 0.64
7828 0.74
7829 0.59
7830 0.74
7831 0.59
3818 0.69
7832 0.59
7833 0.73
4635 0.71
7834 0.54
7835 0.26
7836 0.47
7837 0.50
7838 0.74
7839 0.47
7840 0.64
7841 0.48
7842 0.37
7843 0.63
7844 0.57
7845 0.70
7846 0.39
7847 0.56
3688 0.55
7848 0.65
7849 0.32
7850 0.63
7851 0.68
7852 0.70
7853 0.73
7854 0.50
7855 0.46
3684 0.59
7856 0.52
7857 0.74
7858 0.29
7859 0.56
7860 0.75
7861 0.69
7862 0.42
7863 0.29
7864 0.67
7865 0.67
7866 0.39
7867 0.73
7868 0.71
7869 0.68
7870 0.57
7871 0.59
7872 0.51
7873 0.59
7874 0.59
7875 0.74
7876 0.48
7877 0.52
7878 0.66
7879 0.62
7880 0.56
7881 0.45
7882 0.65
6633 0.72
7883 0.64
7884 0.54
7885 0.56
7886 0.68
7887 0.61
7888 0.53
7889 0.29
7890 0.53
7891 0.51
7892 0.72
7893 0.45
7894 0.56
7895 0.56
7896 0.71
7897 0.39
7898 0.56
7908 0.52
7909 0.68
7910 0.66
4731 0.54
7911 0.33
7912 0.50
7913 0.60
7914 0.74
7915 0.71
7916 0.55
7917 0.63
7918 0.50
7919 0.71
7920 0.40
7922 0.52
7653 0.49
7923 0.49
7924 0.67
6463 0.53
7925 0.57
7926 0.61
7927 0.53
7928 0.59
7929 0.43
7930 0.47
7931 0.57
7932 0.68
7933 0.58
7939 0.65
7940 0.74
7941 0.64
7937 0.51
7942 0.54
7033 0.75
7943 0.55
7944 0.33
7945 0.47
7946 0.38
7936 0.62
7947 0.32
7948 0.73
7949 0.48
7950 0.51
7951 0.69
7952 0.67
7953 0.56
7957 0.35
7954 0.26
7958 0.72
7959 0.28
7960 0.57
7961 0.62
7962 0.52
7963 0.30
7964 0.74
7965 0.51
7968 0.48
7969 0.71
7970 0.69
7971 0.70
7972 0.60
7163 0.33
7973 0.67
7974 0.30
7513 0.40
7975 0.50
7976 0.55
7977 0.60
7978 0.57
7979 0.63
7980 0.26
7981 0.42
7982 0.70
7983 0.53
7987 0.53
7988 0.58
7989 0.62
7990 0.70
7991 0.50
7992 0.74
7993 0.35
7470 0.48
7994 0.64
7995 0.53
7996 0.40
7997 0.60
7998 0.75
7999 0.65
8000 0.38
8001 0.58
8002 0.58
8003 0.62
8004 0.74
8005 0.61
8006 0.70
8007 0.31
8008 0.60
8009 0.75
8010 0.59
8011 0.52
8012 0.52
8013 0.71
8014 0.62
8015 0.28
8016 0.57
8017 0.54
8018 0.62
8019 0.67
8020 0.27
8021 0.41
8022 0.35
8023 0.52
8024 0.66
8025 0.58
8026 0.54
8027 0.64
8028 0.65
8029 0.64
8030 0.45
8031 0.32
8032 0.74
8033 0.47
8034 0.65
8035 0.44
8036 0.66
8037 0.62
8038 0.56
8039 0.69
8040 0.63
8041 0.45
8042 0.72
8043 0.68
8044 0.62
8045 0.46
8046 0.66
8047 0.63
8048 0.66
8049 0.51
8050 0.55
8051 0.61
8052 0.48
8053 0.31
8054 0.59
8055 0.69
8056 0.61
8057 0.67
8058 0.26
8059 0.42
8060 0.25
8063 0.34
8064 0.64
8065 0.51
8066 0.38
8068 0.60
7737 0.60
8071 0.26
8072 0.54
8073 0.57
8074 0.67
8075 0.71
8076 0.74
8077 0.73
8078 0.50
8079 0.32
8080 0.60
8081 0.73
8082 0.68
8083 0.71
8084 0.50
8085 0.61
8086 0.37
8087 0.63
8088 0.52
8089 0.54
8090 0.53
8091 0.56
8092 0.40
8093 0.69
8100 0.47
8101 0.64
8102 0.64
2060 0.59
8103 0.60
8104 0.51
8105 0.38
8097 0.57
8106 0.67
8107 0.34
8108 0.58
8109 0.30
8110 0.71
8111 0.74
8112 0.64
8113 0.74
8114 0.34
8115 0.51
5083 0.58
8116 0.28
8117 0.37
8118 0.35
8119 0.75
8121 0.50
8122 0.32
8123 0.32
8124 0.42
8125 0.27
7203 0.55
8126 0.57
8127 0.62
8128 0.60
8129 0.74
8130 0.72
8131 0.56
8132 0.37
8133 0.63
8134 0.69
8135 0.60
8136 0.65
8137 0.69
8138 0.66
8139 0.69
8140 0.43
8141 0.52
8142 0.38
8143 0.62
7028 0.71
8144 0.58
8096 0.29
8145 0.55
8146 0.53
8147 0.56
8148 0.26
8149 0.58
8150 0.68
8151 0.33
8152 0.66
8153 0.64
8154 0.52
8155 0.68
8156 0.54
8157 0.75
8158 0.68
8159 0.50
8160 0.40
8161 0.42
8162 0.34
8163 0.72
8164 0.53
6498 0.72
6499 0.35
8165 0.67
6501 0.39
8166 0.55
8167 0.54
8168 0.74
3606 0.57
8169 0.70
8170 0.60
8171 0.74
8172 0.60
8173 0.54
8174 0.71
8175 0.61
8176 0.30
8177 0.31
8178 0.74
8179 0.44
8180 0.68
4683 0.70
8181 0.56
8182 0.33
8183 0.68
8184 0.74
8185 0.67
8186 0.55
8187 0.39
8188 0.38
8189 0.66
8190 0.67
8191 0.49
8192 0.73
8195 0.55
8196 0.40
8197 0.71
8198 0.63
8199 0.66
8200 0.74
8201 0.71
8202 0.60
8203 0.70
7276 0.60
8204 0.52
8205 0.59
8206 0.72
8207 0.56
8208 0.40
8209 0.68
8210 0.37
8211 0.53
8212 0.42
8213 0.73
8214 0.68
8216 0.68
8217 0.71
8218 0.59
8219 0.50
8220 0.38
8221 0.65
8222 0.65
8223 0.68
8224 0.54
8225 0.67
8226 0.72
8227 0.57
8228 0.54
8229 0.35
8230 0.41
8231 0.51
8232 0.69
8233 0.42
8234 0.70
8235 0.74
8236 0.62
8237 0.60
8238 0.50
8239 0.74
8240 0.75
8241 0.70
8242 0.49
7032 0.63
8243 0.62
8244 0.58
8245 0.39
8246 0.57
2863 0.54
8247 0.69
8248 0.35
8249 0.57
8250 0.67
8251 0.53
8252 0.61
8253 0.66
8254 0.65
8259 0.66
8260 0.73
8261 0.59
8262 0.51
8263 0.51
8264 0.52
8265 0.69
8266 0.63
8255 0.72
8070 0.42
8267 0.42
8268 0.58
8269 0.52
8270 0.67
8271 0.55
8272 0.53
8273 0.57
8274 0.57
8275 0.72
8276 0.53
8277 0.70
8278 0.66
8279 0.28
8280 0.56
8281 0.46
8282 0.66
8283 0.63
8284 0.43
8285 0.71
8286 0.62
8287 0.67
8288 0.31
8289 0.45
8290 0.63
8291 0.70
8292 0.49
8293 0.71
8294 0.63
8295 0.55
8296 0.60
8297 0.50
8298 0.60
8299 0.52
8300 0.28
8301 0.67
8302 0.68
8303 0.63
8304 0.63
8305 0.58
8306 0.28
8307 0.73
8308 0.60
8310 0.65
8311 0.71
8312 0.70
8313 0.61
8314 0.72
8315 0.40
8316 0.71
8317 0.47
8318 0.53
8319 0.61
8320 0.57
8321 0.29
8322 0.73
8323 0.72
8324 0.38
8326 0.69
8193 0.33
8327 0.49
8328 0.73
8329 0.67
8330 0.56
8332 0.67
8334 0.69
8335 0.66
8336 0.61
8337 0.70
8338 0.67
8339 0.60
8340 0.48
8341 0.56
8342 0.53
8343 0.60
8344 0.53
8345 0.51
8346 0.25
8347 0.69
8348 0.54
8349 0.73
8350 0.30
7184 0.56
8351 0.54
8352 0.40
8353 0.68
8354 0.67
8355 0.73
8356 0.51
8357 0.67
8358 0.64
8359 0.40
7701 0.62
7935 0.72
8360 0.56
8361 0.54
8362 0.50
7906 0.41
8363 0.52
8364 0.70
8365 0.74
8366 0.29
8367 0.68
8368 0.40
8369 0.36
8370 0.63
8371 0.72
8372 0.54
8373 0.37
8374 0.58
8375 0.33
8376 0.37
8377 0.63
8309 0.74
8333 0.51
8378 0.37
8379 0.74
8331 0.66
8380 0.75
8381 0.53
8382 0.32
8383 0.62
8384 0.61
8385 0.65
8386 0.70
8387 0.63
8388 0.72
8389 0.68
8390 0.73
8391 0.69
8392 0.25
8393 0.71
8394 0.70
8395 0.64
8396 0.59
8397 0.56
3742 0.52
8398 0.70
8399 0.26
8400 0.57
8401 0.75
8402 0.63
8403 0.52
8404 0.63
8405 0.49
8406 0.68
8407 0.74
8408 0.30
8409 0.50
8410 0.41
8411 0.62
8412 0.60
8413 0.53
8414 0.74
8415 0.54
8416 0.75
8417 0.62
8418 0.62
8419 0.65
8420 0.54
8421 0.52
8422 0.60
8423 0.67
8424 0.64
8425 0.73
8426 0.72
8427 0.44
8428 0.68
8429 0.54
8430 0.71
8431 0.61
8432 0.31
8433 0.35
8434 0.66
8435 0.36
8436 0.29
8437 0.50
8438 0.54
8439 0.44
8440 0.31
8441 0.53
8442 0.55
8444 0.37
8215 0.55
8445 0.72
8446 0.52
8447 0.67
8448 0.29
8449 0.45
8450 0.57
8451 0.38
8452 0.64
8453 0.75
8454 0.53
8455 0.61
8456 0.58
8457 0.55
8458 0.29
8459 0.57
8460 0.50
8461 0.68
8462 0.57
7700 0.53
8463 0.63
8464 0.54
7907 0.38
8465 0.30
8466 0.68
8467 0.55
8468 0.65
8469 0.30
8470 0.36
8475 0.48
8476 0.36
8477 0.51
8478 0.68
8479 0.51
8480 0.42
8481 0.55
8482 0.73
8483 0.49
8484 0.72
8486 0.60
8487 0.71
8488 0.59
8485 0.69
8489 0.56
8490 0.56
8491 0.29
8492 0.71
8493 0.54
8494 0.52
8495 0.60
8496 0.60
8497 0.62
8498 0.53
8499 0.44
8500 0.65
8501 0.56
8502 0.66
8503 0.74
8504 0.45
8505 0.67
8506 0.72
8507 0.34
8508 0.74
8509 0.68
8510 0.46
8511 0.74
8512 0.61
8513 0.38
8514 0.75
8515 0.40
8516 0.52
8517 0.29
5399 0.72
8518 0.74
8519 0.26
8520 0.26
8521 0.61
8522 0.38
8523 0.46
8524 0.27
8525 0.40
8526 0.72
8527 0.73
8528 0.75
8529 0.64
8530 0.55
8531 0.37
8532 0.64
8533 0.69
7212 0.42
8534 0.57
8535 0.49
8536 0.40
8537 0.34
8538 0.39
8539 0.65
8540 0.74
8541 0.30
8542 0.58
8543 0.70
8544 0.62
8545 0.59
8546 0.59
8547 0.74
8548 0.62
8549 0.56
8551 0.72
8552 0.67
8553 0.74
8554 0.62
8555 0.73
6635 0.48
8556 0.72
8557 0.35
8558 0.73
8559 0.59
8560 0.68
8561 0.49
8562 0.65
8563 0.71
8564 0.50
8565 0.35
8566 0.27
8567 0.45
8568 0.73
8570 0.55
8571 0.69
8572 0.57
5403 0.49
8573 0.66
8574 0.69
8575 0.55
8576 0.70
8577 0.63
8578 0.41
8579 0.51
8580 0.73
8581 0.73
8582 0.62
8583 0.41
8584 0.57
8585 0.54
8586 0.55
8587 0.61
8588 0.28
8589 0.70
8590 0.74
8591 0.53
8592 0.40
8593 0.43
8594 0.70
8595 0.61
8596 0.73
8597 0.65
8598 0.60
8607 0.51
8608 0.72
8609 0.56
8610 0.64
8611 0.39
8194 0.47
8612 0.58
8613 0.71
8614 0.57
8615 0.70
8616 0.74
7056 0.63
8617 0.71
8618 0.71
8619 0.46
8630 0.64
8631 0.43
8632 0.57
8633 0.69
8634 0.75
8635 0.50
8637 0.54
8638 0.54
8639 0.73
8621 0.71
8640 0.47
8641 0.69
8642 0.26
8643 0.26
8645 0.70
8646 0.44
8647 0.51
8648 0.53
8649 0.26
8650 0.45
8651 0.49
8652 0.66
8653 0.56
8654 0.65
6415 0.59
8655 0.74
8656 0.64
8657 0.73
8659 0.44
8660 0.51
8661 0.61
8662 0.58
8663 0.29
8664 0.71
8665 0.74
8666 0.68
8667 0.65
8668 0.51
8669 0.56
8672 0.44
8673 0.51
8674 0.72
8675 0.69
8676 0.62
8677 0.27
8678 0.64
8679 0.45
8680 0.47
8681 0.27
8682 0.50
8683 0.52
8684 0.63
8685 0.53
8693 0.72
8694 0.34
8695 0.52
8696 0.62
8697 0.72
8698 0.61
8699 0.65
8700 0.70
8701 0.54
8702 0.37
8703 0.67
6284 0.72
8704 0.25
8705 0.41
8706 0.65
8707 0.67
3598 0.74
8708 0.55
8709 0.30
8710 0.68
8711 0.61
8712 0.53
8713 0.52
8714 0.60
8716 0.28
8717 0.55
8718 0.65
8719 0.61
8720 0.54
8721 0.65
8722 0.63
8723 0.33
8724 0.72
8725 0.67
8726 0.61
8727 0.68
8728 0.44
8729 0.59
8730 0.64
8733 0.47
8734 0.36
8735 0.64
8736 0.50
8737 0.63
8738 0.66
8739 0.52
8740 0.46
6411 0.54
8741 0.26
8744 0.74
8745 0.70
8746 0.69
8747 0.55
8748 0.66
8749 0.63
8750 0.74
8751 0.56
8752 0.33
8753 0.50
7131 0.32
8754 0.71
8755 0.67
8756 0.62
8757 0.53
8758 0.71
8759 0.57
8731 0.44
8760 0.50
8761 0.63
8762 0.34
7538 0.73
8763 0.27
8764 0.28
8765 0.57
8766 0.63
8767 0.50
8768 0.74
8769 0.28
8770 0.70
8771 0.74
8772 0.64
8773 0.50
8774 0.32
8775 0.57
8776 0.63
8777 0.65
8778 0.47
8779 0.40
8780 0.36
8781 0.69
8782 0.74
8783 0.68
8784 0.49
8785 0.64
8786 0.56
8787 0.70
8789 0.71
8790 0.73
8791 0.58
8792 0.55
8793 0.52
8794 0.53
8795 0.72
8796 0.46
8797 0.40
8798 0.54
8799 0.63
8800 0.73
8801 0.33
8802 0.54
8803 0.70
8804 0.59
8805 0.50
8806 0.42
8807 0.64
8808 0.39
8809 0.27
8810 0.61
2648 0.35
8811 0.63
8812 0.44
8813 0.57
8814 0.33
8815 0.70
8816 0.55
8817 0.51
8818 0.57
2971 0.64
8819 0.54
8820 0.29
8821 0.55
8822 0.66
8823 0.59
8824 0.52
8825 0.60
3218 0.74
8826 0.54
8827 0.57
8829 0.47
8830 0.72
8831 0.56
8832 0.65
8833 0.42
8834 0.73
8835 0.65
8836 0.61
8837 0.50
8838 0.27
8839 0.48
8840 0.49
8841 0.45
8842 0.45
8843 0.70
8844 0.30
8845 0.57
8846 0.32
8847 0.62
8848 0.59
8849 0.56
8850 0.58
8851 0.70
8852 0.67
7699 0.69
8853 0.73
8854 0.38
3602 0.74
8855 0.57
8856 0.67
8858 0.69
8859 0.32
8860 0.41
8861 0.58
8857 0.71
8862 0.67
8863 0.52
8864 0.71
8865 0.37
8866 0.62
8867 0.53
8868 0.69
8869 0.40
8870 0.60
8871 0.55
8872 0.32
8873 0.66
8874 0.37
8875 0.72
8876 0.62
8877 0.71
8878 0.50
8879 0.53
8880 0.74
8881 0.59
8882 0.26
8883 0.56
8884 0.59
8885 0.61
8886 0.28
8887 0.53
8888 0.62
8889 0.53
8890 0.52
8891 0.41
8892 0.50
8893 0.38
8894 0.54
8895 0.33
8896 0.60
8897 0.63
8898 0.42
8899 0.57
8900 0.30
8901 0.68
8902 0.73
8903 0.26
7711 0.41
8904 0.65
8914 0.34
8915 0.31
8916 0.57
8917 0.54
8918 0.74
8921 0.38
8922 0.68
6112 0.38
8923 0.53
8924 0.54
7137 0.58
8925 0.66
8926 0.69
8927 0.50
8928 0.51
8929 0.40
8930 0.66
8443 0.33
8931 0.54
8932 0.73
3691 0.73
8933 0.38
8934 0.65
8935 0.70
8936 0.74
8937 0.53
8938 0.72
8939 0.71
8940 0.54
8941 0.74
8942 0.47
8943 0.66
7956 0.39
8944 0.74
8945 0.46
7030 0.62
8946 0.45
8947 0.67
8948 0.34
8950 0.68
8951 0.57
8952 0.58
8953 0.66
8954 0.35
8955 0.60
8956 0.58
8957 0.35
8958 0.70
8959 0.67
8960 0.55
8961 0.69
8962 0.67
8963 0.51
8964 0.62
8965 0.70
8966 0.62
8967 0.70
8968 0.70
8973 0.54
8974 0.56
8975 0.67
8976 0.70
8970 0.74
8981 0.26
3595 0.29
8982 0.69
8983 0.62
8984 0.63
8985 0.29
8986 0.30
8987 0.58
8988 0.71
8989 0.72
8990 0.60
8991 0.66
8992 0.39
8993 0.74
8994 0.63
8995 0.57
8996 0.57
8997 0.53
9002 0.66
9003 0.56
9004 0.70
9005 0.58
9006 0.58
9007 0.67
9008 0.63
9009 0.47
9010 0.71
9011 0.63
9012 0.57
9016 0.33
9017 0.49
9018 0.64
9019 0.51
9020 0.60
9021 0.54
9022 0.62
9023 0.66
9024 0.46
9025 0.48
9026 0.68
9027 0.63
9028 0.50
9029 0.47
9030 0.57
9031 0.57
9032 0.60
9033 0.67
9034 0.35
9035 0.60
9036 0.41
9039 0.62
9040 0.27
9041 0.64
9042 0.47
9043 0.68
9044 0.63
9045 0.64
9046 0.62
9047 0.68
9048 0.46
9049 0.64
9050 0.55
9051 0.68
9052 0.63
9053 0.65
9054 0.72
9055 0.64
9056 0.32
5768 0.71
9057 0.62
9058 0.52
9059 0.63
9060 0.41
9061 0.71
9062 0.72
9063 0.38
9064 0.62
9065 0.71
9066 0.53
9067 0.50
9068 0.69
9069 0.60
7703 0.56
9070 0.65
9071 0.58
9072 0.51
9073 0.66
9074 0.69
9075 0.52
9076 0.63
9077 0.47
9078 0.63
9079 0.73
9080 0.59
9081 0.54
9082 0.66
9083 0.40
9084 0.74
9085 0.72
9086 0.67
9087 0.74
9088 0.57
9089 0.49
9090 0.75
9095 0.43
9096 0.63
9097 0.51
9098 0.44
9099 0.73
9100 0.38
9101 0.54
9102 0.72
9103 0.59
9104 0.59
9105 0.60
9106 0.25
9107 0.63
9108 0.59
9109 0.56
8622 0.74
9110 0.57
9111 0.62
9112 0.65
9113 0.59
9114 0.65
9115 0.75
9116 0.56
9117 0.33
3594 0.60
9118 0.65
9119 0.62
6634 0.60
9120 0.70
9121 0.52
9122 0.53
9123 0.58
9124 0.40
9125 0.73
9126 0.73
9127 0.71
9128 0.41
9129 0.71
8473 0.26
9130 0.31
9131 0.63
9132 0.26
9133 0.33
9134 0.55
9135 0.70
9136 0.72
9137 0.57
9138 0.64
9139 0.68
9140 0.55
9141 0.74
9142 0.51
9143 0.51
9144 0.62
9145 0.25
9146 0.57
9147 0.68
7135 0.74
9148 0.73
9149 0.58
9150 0.35
9151 0.44
9152 0.54
9153 0.42
9154 0.63
9155 0.62
9156 0.33
9157 0.58
9158 0.66
9159 0.35
9160 0.67
9161 0.68
9162 0.54
9163 0.48
9164 0.51
9165 0.72
9166 0.56
9167 0.31
9168 0.67
9169 0.71
9170 0.60
9171 0.68
9172 0.75
9173 0.50
9174 0.59
9175 0.54
9176 0.32
9177 0.52
9178 0.70
9179 0.59
9180 0.66
9181 0.59
9182 0.53
9183 0.74
9184 0.50
9185 0.70
9186 0.70
9187 0.52
9188 0.29
9189 0.53
9190 0.63
9191 0.69
9192 0.51
9193 0.71
9194 0.71
9195 0.50
9196 0.25
9197 0.42
9198 0.58
9199 0.54
9200 0.37
9201 0.52
9202 0.73
9203 0.60
9204 0.64
9205 0.51
9206 0.54
9207 0.61
9208 0.72
9209 0.61
9210 0.75
9211 0.66
9212 0.70
9213 0.72
9214 0.47
9215 0.61
9216 0.73
9217 0.72
9218 0.47
9219 0.67
9220 0.74
9221 0.61
9222 0.59
9223 0.59
9224 0.61
9225 0.56
9228 0.38
9229 0.51
9230 0.52
9231 0.58
9232 0.29
9233 0.69
9234 0.59
9235 0.55
9236 0.57
9237 0.64
9238 0.56
9239 0.52
9240 0.62
9241 0.51
9242 0.70
9243 0.55
9244 0.52
9245 0.56
9247 0.66
9248 0.62
6514 0.51
9249 0.38
9250 0.53
9251 0.56
9252 0.64
9253 0.60
9254 0.55
9255 0.34
9257 0.70
9258 0.53
9259 0.62
9260 0.53
6542 0.55
9261 0.66
9262 0.75
9263 0.67
6541 0.69
9264 0.75
7134 0.58
9265 0.52
9266 0.66
9267 0.65
9268 0.56
9269 0.50
9270 0.72
9271 0.65
9272 0.59
9273 0.50
9274 0.59
9275 0.71
9276 0.67
9277 0.58
9278 0.75
9279 0.46
9280 0.68
9281 0.73
9282 0.66
9283 0.30
9284 0.32
9297 0.64
9298 0.59
9299 0.60
9300 0.50
9301 0.74
9302 0.54
9303 0.42
9304 0.60
9305 0.66
5298 0.43
9306 0.74
9307 0.72
9308 0.67
9309 0.61
9310 0.56
7508 0.51
9311 0.52
9312 0.67
9313 0.71
9314 0.69
9315 0.52
9316 0.54
9317 0.50
9318 0.67
9295 0.53
9296 0.63
9319 0.52
9320 0.64
9321 0.65
9334 0.66
9335 0.44
9336 0.27
9337 0.29
9338 0.57
9339 0.40
9340 0.70
9341 0.56
9342 0.73
9343 0.60
9344 0.58
9345 0.59
9346 0.63
9347 0.71
9348 0.61
9349 0.39
9350 0.55
9351 0.32
9352 0.60
9353 0.54
9354 0.59
9355 0.30
9356 0.33
9357 0.63
9358 0.53
9362 0.30
9363 0.52
9364 0.36
9365 0.64
9366 0.63
9368 0.70
9369 0.71
9370 0.53
9371 0.35
9372 0.51
9373 0.68
9374 0.37
9375 0.42
9376 0.60
9377 0.62
9378 0.55
9379 0.35
9380 0.55
9381 0.66
9382 0.33
9383 0.67
9384 0.27
9385 0.72
9386 0.74
9387 0.65
9388 0.68
9389 0.30
9390 0.59
9391 0.44
9392 0.41
9393 0.67
9394 0.47
9395 0.31
9396 0.69
9397 0.54
9398 0.52
9399 0.57
9400 0.66
9401 0.34
9402 0.63
9403 0.71
9404 0.70
9405 0.54
9406 0.60
9359 0.57
9407 0.71
9408 0.56
9409 0.63
9410 0.56
9411 0.50
9412 0.66
9413 0.59
9414 0.61
9415 0.58
9416 0.51
9417 0.67
9418 0.72
9419 0.74
9420 0.33
9421 0.75
9422 0.56
9423 0.74
9424 0.53
9425 0.65
9426 0.52
9427 0.59
9428 0.69
9429 0.70
9430 0.62
9431 0.68
9432 0.55
9433 0.63
9434 0.45
9435 0.33
9436 0.57
9437 0.52
9438 0.38
9439 0.35
9440 0.74
9441 0.71
9442 0.47
9443 0.60
9444 0.55
9445 0.69
9446 0.73
9447 0.50
9448 0.50
9449 0.69
9450 0.25
9451 0.53
9452 0.53
9453 0.71
9454 0.51
9455 0.72
9456 0.51
9457 0.60
9458 0.53
9459 0.56
9460 0.42
9461 0.69
9462 0.75
9463 0.28
9464 0.60
9465 0.31
9466 0.27
9467 0.72
9468 0.51
9469 0.75
9470 0.74
9471 0.73
9472 0.28
5316 0.67
9473 0.58
9474 0.70
9475 0.33
9476 0.38
9477 0.69
9478 0.70
9479 0.58
9480 0.62
9481 0.64
9482 0.54
9483 0.54
9484 0.54
9485 0.51
9486 0.67
9487 0.55
9488 0.69
9489 0.60
9490 0.49
9491 0.61
9492 0.57
9493 0.71
